Date,Discharge (m3/s),Discharge_filled_method
2006-01-01,24.465715199999998,original
2006-01-02,24.097596799999998,original
2006-01-03,23.644528,original
2006-01-04,23.1065088,original
2006-01-05,22.6251232,original
2006-01-06,22.1437376,original
2006-01-07,21.7189856,original
2006-01-08,21.520768,original
2006-01-09,21.4075008,original
2006-01-10,21.379184,original
2006-01-11,21.209283199999998,original
2006-01-12,21.096016,original
2006-01-13,22.087104,original
2006-01-14,25.4568032,original
2006-01-15,25.768288,original
2006-01-16,23.927696,original
2006-01-17,23.9843296,original
2006-01-18,27.2124448,original
2006-01-19,29.73264,original
2006-01-20,29.449472,original
2006-01-21,30.298976,original
2006-01-22,28.1185824,original
2006-01-23,27.467296,original
2006-01-24,47.005888,original
2006-01-25,82.401888,original
2006-01-26,86.36624,original
2006-01-27,61.730624,original
2006-01-28,43.041536,original
2006-01-29,37.944511999999996,original
2006-01-30,41.908864,original
2006-01-31,72.20784,original
2006-02-01,73.906848,original
2006-02-02,59.748447999999996,original
2006-02-03,56.6336,original
2006-02-04,72.774176,original
2006-02-05,80.70288,original
2006-02-06,74.473184,original
2006-02-07,56.6336,original
2006-02-08,44.174208,original
2006-02-09,37.661344,original
2006-02-10,34.263328,original
2006-02-11,38.794016,original
2006-02-12,64.279136,original
2006-02-13,84.384064,original
2006-02-14,86.083072,original
2006-02-15,77.588032,original
2006-02-16,57.483104,original
2006-02-17,43.89104,original
2006-02-18,37.944511999999996,original
2006-02-19,34.546496,original
2006-02-20,32.56432,original
2006-02-21,32.847488,original
2006-02-22,35.679168,original
2006-02-23,36.528672,original
2006-02-24,35.962336,original
2006-02-25,41.908864,original
2006-02-26,77.304864,original
2006-02-27,119.780064,original
2006-02-28,140.734496,original
2006-03-01,129.690944,original
2006-03-02,106.754336,original
2006-03-03,73.057344,original
2006-03-04,54.368256,original
2006-03-05,45.590047999999996,original
2006-03-06,40.493024,original
2006-03-07,37.378175999999996,original
2006-03-08,35.112832,original
2006-03-09,33.413824,original
2006-03-10,32.56432,original
2006-03-11,33.130656,original
2006-03-12,43.041536,original
2006-03-13,56.350432,original
2006-03-14,48.421728,original
2006-03-15,38.22768,original
2006-03-16,33.696992,original
2006-03-17,31.14848,original
2006-03-18,29.449472,original
2006-03-19,28.203532799999998,original
2006-03-20,27.60888,original
2006-03-21,28.599968,original
2006-03-22,48.988064,original
2006-03-23,90.896928,original
2006-03-24,127.70876799999999,original
2006-03-25,126.00976,original
2006-03-26,75.322688,original
2006-03-27,48.988064,original
2006-03-28,39.64352,original
2006-03-29,35.396,original
2006-03-30,32.847488,original
2006-03-31,30.865312,original
2006-04-01,29.73264,original
2006-04-02,29.166304,original
2006-04-03,28.203532799999998,original
2006-04-04,27.269078399999998,original
2006-04-05,26.2496736,original
2006-04-06,25.4568032,original
2006-04-07,24.8338336,original
2006-04-08,24.5506656,original
2006-04-09,24.2674976,original
2006-04-10,23.6728448,original
2006-04-11,23.1065088,original
2006-04-12,22.65344,original
2006-04-13,22.370272,original
2006-04-14,22.0304704,original
2006-04-15,21.6906688,original
2006-04-16,21.3508672,original
2006-04-17,20.9827488,original
2006-04-18,20.6995808,original
2006-04-19,20.388096,original
2006-04-20,20.0766112,original
2006-04-21,20.0199776,original
2006-04-22,20.1615616,original
2006-04-23,20.0482944,original
2006-04-24,19.5952256,original
2006-04-25,19.7084928,original
2006-04-26,25.768288,original
2006-04-27,35.679168,original
2006-04-28,33.130656,original
2006-04-29,26.8443264,original
2006-04-30,46.156384,original
2006-05-01,89.481088,original
2006-05-02,92.0296,original
2006-05-03,82.401888,original
2006-05-04,80.70288,original
2006-05-05,58.615776,original
2006-05-06,39.077184,original
2006-05-07,33.98016,original
2006-05-08,72.20784,original
2006-05-09,85.516736,original
2006-05-10,82.96822399999999,original
2006-05-11,66.261312,original
2006-05-12,48.988064,original
2006-05-13,38.794016,original
2006-05-14,36.81184,original
2006-05-15,32.281152,original
2006-05-16,28.883136,original
2006-05-17,26.6744256,original
2006-05-18,25.201952,original
2006-05-19,24.1259136,original
2006-05-20,23.36136,original
2006-05-21,22.5684896,original
2006-05-22,21.9172032,original
2006-05-23,21.4075008,original
2006-05-24,20.9827488,original
2006-05-25,20.812848,original
2006-05-26,20.7278976,original
2006-05-27,20.274828799999998,original
2006-05-28,19.7934432,original
2006-05-29,19.5952256,original
2006-05-30,20.2181952,original
2006-05-31,19.9916608,original
2006-06-01,19.4819584,original
2006-06-02,19.1704736,original
2006-06-03,18.7740384,original
2006-06-04,18.3492864,original
2006-06-05,17.981168,original
2006-06-06,17.6696832,original
2006-06-07,17.8962176,original
2006-06-08,17.7263168,original
2006-06-09,17.3015648,original
2006-06-10,16.9334464,original
2006-06-11,16.706912,original
2006-06-12,16.565328,original
2006-06-13,16.4803776,original
2006-06-14,16.1688928,original
2006-06-15,16.0839424,original
2006-06-16,16.0839424,original
2006-06-17,16.0839424,original
2006-06-18,16.565328,original
2006-06-19,16.4803776,original
2006-06-20,18.7174048,original
2006-06-21,17.6696832,original
2006-06-22,17.4431488,original
2006-06-23,17.3298816,original
2006-06-24,16.9617632,original
2006-06-25,16.3671104,original
2006-06-26,16.3671104,original
2006-06-27,15.8857248,original
2006-06-28,15.404339199999999,original
2006-06-29,15.1211712,original
2006-06-30,14.8946368,original
2006-07-01,14.724736,original
2006-07-02,14.9229536,original
2006-07-03,15.545923199999999,original
2006-07-04,15.9423584,original
2006-07-05,16.0273088,original
2006-07-06,17.103347199999998,original
2006-07-07,21.662352,original
2006-07-08,24.4373984,original
2006-07-09,20.8977984,original
2006-07-10,19.2837408,original
2006-07-11,17.981168,original
2006-07-12,17.5847328,original
2006-07-13,17.0183968,original
2006-07-14,16.3104768,original
2006-07-15,16.1972096,original
2006-07-16,16.2538432,original
2006-07-17,16.3387936,original
2006-07-18,17.3298816,original
2006-07-19,16.452060799999998,original
2006-07-20,15.857408,original
2006-07-21,15.9706752,original
2006-07-22,16.452060799999998,original
2006-07-23,22.5684896,original
2006-07-24,26.6744256,original
2006-07-25,22.6817568,original
2006-07-26,19.680176,original
2006-07-27,17.981168,original
2006-07-28,16.99008,original
2006-07-29,16.5086944,original
2006-07-30,17.6130496,original
2006-07-31,19.0288896,original
2006-08-01,18.264336,original
2006-08-02,19.9067104,original
2006-08-03,18.8873056,original
2006-08-04,16.9051296,original
2006-08-05,16.5936448,original
2006-08-06,17.3298816,original
2006-08-07,18.40592,original
2006-08-08,21.0110656,original
2006-08-09,20.1898784,original
2006-08-10,20.1898784,original
2006-08-11,20.3597792,original
2006-08-12,23.2480928,original
2006-08-13,20.4164128,original
2006-08-14,18.1510688,original
2006-08-15,16.9051296,original
2006-08-16,16.3104768,original
2006-08-17,16.3954272,original
2006-08-18,15.9706752,original
2006-08-19,15.8007744,original
2006-08-20,15.404339199999999,original
2006-08-21,15.149488,original
2006-08-22,15.5176064,original
2006-08-23,17.7546336,original
2006-08-24,21.662352,original
2006-08-25,26.1647232,original
2006-08-26,26.476208,original
2006-08-27,23.7294784,original
2006-08-28,22.1437376,original
2006-08-29,22.936608,original
2006-08-30,20.6995808,original
2006-08-31,18.8589888,original
2006-09-01,17.8962176,original
2006-09-02,17.1599808,original
2006-09-03,16.5936448,original
2006-09-04,16.1688928,original
2006-09-05,15.7724576,original
2006-09-06,15.545923199999999,original
2006-09-07,15.432656,original
2006-09-08,15.3193888,original
2006-09-09,15.2344384,original
2006-09-10,16.2255264,original
2006-09-11,16.3954272,original
2006-09-12,17.386515199999998,original
2006-09-13,19.11384,original
2006-09-14,19.3686912,original
2006-09-15,18.6607712,original
2006-09-16,17.6696832,original
2006-09-17,17.7263168,original
2006-09-18,19.397008,original
2006-09-19,24.352448,original
2006-09-20,28.883136,original
2006-09-21,33.130656,original
2006-09-22,26.7310592,original
2006-09-23,23.219776,original
2006-09-24,21.860569599999998,original
2006-09-25,20.8977984,original
2006-09-26,19.963344,original
2006-09-27,19.1704736,original
2006-09-28,18.3492864,original
2006-09-29,17.8112672,original
2006-09-30,17.386515199999998,original
2006-10-01,17.273248,original
2006-10-02,17.1882976,original
2006-10-03,17.0183968,original
2006-10-04,16.99008,original
2006-10-05,16.8768128,original
2006-10-06,16.6785952,original
2006-10-07,16.452060799999998,original
2006-10-08,16.3104768,original
2006-10-09,16.3954272,original
2006-10-10,16.28216,original
2006-10-11,16.0839424,original
2006-10-12,15.9423584,original
2006-10-13,15.8857248,original
2006-10-14,15.57424,original
2006-10-15,15.4609728,original
2006-10-16,15.715824,original
2006-10-17,17.4997824,original
2006-10-18,40.493024,original
2006-10-19,45.023711999999996,original
2006-10-20,30.582144,original
2006-10-21,24.5506656,original
2006-10-22,23.3896768,original
2006-10-23,26.6461088,original
2006-10-24,24.380764799999998,original
2006-10-25,20.7845312,original
2006-10-26,19.7368096,original
2006-10-27,24.635616,original
2006-10-28,79.853376,original
2006-10-29,142.150336,original
2006-10-30,221.720544,original
2006-10-31,144.41568,original
2006-11-01,80.70288,original
2006-11-02,53.235583999999996,original
2006-11-03,40.209856,original
2006-11-04,34.263328,original
2006-11-05,31.14848,original
2006-11-06,30.015808,original
2006-11-07,32.847488,original
2006-11-08,36.81184,original
2006-11-09,38.510848,original
2006-11-10,37.378175999999996,original
2006-11-11,32.281152,original
2006-11-12,28.883136,original
2006-11-13,26.7876928,original
2006-11-14,25.683337599999998,original
2006-11-15,37.661344,original
2006-11-16,103.35632,original
2006-11-17,139.318656,original
2006-11-18,95.993952,original
2006-11-19,60.881119999999996,original
2006-11-20,44.740544,original
2006-11-21,37.095008,original
2006-11-22,33.130656,original
2006-11-23,30.582144,original
2006-11-24,28.883136,original
2006-11-25,27.637196799999998,original
2006-11-26,26.617791999999998,original
2006-11-27,25.8532384,original
2006-11-28,25.1736352,original
2006-11-29,24.6072992,original
2006-11-30,24.4090816,original
2006-12-01,26.617791999999998,original
2006-12-02,28.883136,original
2006-12-03,27.1558112,original
2006-12-04,25.3152192,original
2006-12-05,24.352448,original
2006-12-06,23.7577952,original
2006-12-07,23.36136,original
2006-12-08,22.9649248,original
2006-12-09,22.4835392,original
2006-12-10,22.2570048,original
2006-12-11,22.228688,original
2006-12-12,22.2853216,original
2006-12-13,23.0215584,original
2006-12-14,23.446310399999998,original
2006-12-15,25.3152192,original
2006-12-16,28.599968,original
2006-12-17,25.6550208,original
2006-12-18,23.9560128,original
2006-12-19,22.9932416,original
2006-12-20,22.7100736,original
2006-12-21,27.8070976,original
2006-12-22,63.995968,original
2006-12-23,125.160256,original
2006-12-24,120.62956799999999,original
2006-12-25,80.986048,original
2006-12-26,65.694976,original
2006-12-27,56.350432,original
2006-12-28,49.837568,original
2006-12-29,44.457376,original
2006-12-30,41.908864,original
2006-12-31,119.49689599999999,original
2007-01-01,311.4848,original
2007-01-02,600.31616,original
2007-01-03,583.32608,original
2007-01-04,404.93023999999997,original
2007-01-05,240.126464,original
2007-01-06,197.084928,original
2007-01-07,291.66304,original
2007-01-08,348.29663999999997,original
2007-01-09,345.46496,original
2007-01-10,283.168,original
2007-01-11,172.166144,original
2007-01-12,105.055328,original
2007-01-13,77.304864,original
2007-01-14,65.411808,original
2007-01-15,58.332608,original
2007-01-16,54.368256,original
2007-01-17,54.368256,original
2007-01-18,55.21776,original
2007-01-19,55.21776,original
2007-01-20,53.518752,original
2007-01-21,52.952416,original
2007-01-22,67.67715199999999,original
2007-01-23,104.488992,original
2007-01-24,125.726592,original
2007-01-25,111.568192,original
2007-01-26,80.986048,original
2007-01-27,62.29696,original
2007-01-28,60.881119999999996,original
2007-01-29,65.411808,original
2007-01-30,64.562304,original
2007-01-31,60.314783999999996,original
2007-02-01,54.085088,original
2007-02-02,56.350432,original
2007-02-03,67.110816,original
2007-02-04,75.605856,original
2007-02-05,68.809824,original
2007-02-06,54.651424,original
2007-02-07,47.289056,original
2007-02-08,43.041536,original
2007-02-09,40.493024,original
2007-02-10,38.510848,original
2007-02-11,36.81184,original
2007-02-12,35.396,original
2007-02-13,41.05936,original
2007-02-14,49.837568,original
2007-02-15,50.97024,original
2007-02-16,52.102911999999996,original
2007-02-17,45.873216,original
2007-02-18,39.360352,original
2007-02-19,35.962336,original
2007-02-20,34.263328,original
2007-02-21,33.413824,original
2007-02-22,33.98016,original
2007-02-23,33.413824,original
2007-02-24,31.997984,original
2007-02-25,31.14848,original
2007-02-26,30.865312,original
2007-02-27,30.865312,original
2007-02-28,30.582144,original
2007-03-01,30.298976,original
2007-03-02,31.14848,original
2007-03-03,32.281152,original
2007-03-04,30.298976,original
2007-03-05,28.599968,original
2007-03-06,27.5522464,original
2007-03-07,26.9292768,original
2007-03-08,26.5328416,original
2007-03-09,26.19304,original
2007-03-10,25.8815552,original
2007-03-11,25.5983872,original
2007-03-12,25.343536,original
2007-03-13,25.0886848,original
2007-03-14,25.4568032,original
2007-03-15,28.883136,original
2007-03-16,33.696992,original
2007-03-17,32.281152,original
2007-03-18,28.599968,original
2007-03-19,26.759376,original
2007-03-20,25.683337599999998,original
2007-03-21,25.060368,original
2007-03-22,24.5506656,original
2007-03-23,24.210864,original
2007-03-24,23.9560128,original
2007-03-25,23.7577952,original
2007-03-26,23.5312608,original
2007-03-27,23.1914592,original
2007-03-28,22.9932416,original
2007-03-29,22.8233408,original
2007-03-30,22.5968064,original
2007-03-31,22.4835392,original
2007-04-01,23.163142399999998,original
2007-04-02,24.7205664,original
2007-04-03,32.281152,original
2007-04-04,40.776192,original
2007-04-05,37.095008,original
2007-04-06,30.582144,original
2007-04-07,26.7310592,original
2007-04-08,24.9471008,original
2007-04-09,24.0409632,original
2007-04-10,23.9843296,original
2007-04-11,28.2318496,original
2007-04-12,28.3168,original
2007-04-13,26.4195744,original
2007-04-14,26.051455999999998,original
2007-04-15,33.413824,original
2007-04-16,39.926688,original
2007-04-17,31.14848,original
2007-04-18,26.9575936,original
2007-04-19,25.8532384,original
2007-04-20,25.1453184,original
2007-04-21,24.06928,original
2007-04-22,23.163142399999998,original
2007-04-23,22.370272,original
2007-04-24,21.7756192,original
2007-04-25,21.3508672,original
2007-04-26,26.702742399999998,original
2007-04-27,42.192032,original
2007-04-28,37.944511999999996,original
2007-04-29,30.582144,original
2007-04-30,26.4195744,original
2007-05-01,23.9560128,original
2007-05-02,22.5401728,original
2007-05-03,21.7756192,original
2007-05-04,24.5789824,original
2007-05-05,36.81184,original
2007-05-06,48.13856,original
2007-05-07,45.590047999999996,original
2007-05-08,35.962336,original
2007-05-09,29.449472,original
2007-05-10,26.3063072,original
2007-05-11,24.380764799999998,original
2007-05-12,23.2480928,original
2007-05-13,22.5684896,original
2007-05-14,21.7473024,original
2007-05-15,21.2376,original
2007-05-16,21.2942336,original
2007-05-17,21.520768,original
2007-05-18,20.926115199999998,original
2007-05-19,20.3031456,original
2007-05-20,19.8500768,original
2007-05-21,19.4253248,original
2007-05-22,19.11384,original
2007-05-23,19.0005728,original
2007-05-24,21.096016,original
2007-05-25,20.6995808,original
2007-05-26,19.6518592,original
2007-05-27,19.1421568,original
2007-05-28,18.8589888,original
2007-05-29,18.8023552,original
2007-05-30,24.5789824,original
2007-05-31,48.704896,original
2007-06-01,45.30688,original
2007-06-02,33.413824,original
2007-06-03,26.7876928,original
2007-06-04,24.4373984,original
2007-06-05,22.7100736,original
2007-06-06,21.5490848,original
2007-06-07,20.5863136,original
2007-06-08,20.1332448,original
2007-06-09,19.963344,original
2007-06-10,19.8783936,original
2007-06-11,21.94552,original
2007-06-12,20.7278976,original
2007-06-13,20.5863136,original
2007-06-14,20.4447296,original
2007-06-15,20.1615616,original
2007-06-16,19.0572064,original
2007-06-17,18.4908704,original
2007-06-18,18.3492864,original
2007-06-19,18.5758208,original
2007-06-20,21.6906688,original
2007-06-21,20.9827488,original
2007-06-22,20.388096,original
2007-06-23,20.0766112,original
2007-06-24,18.7740384,original
2007-06-25,18.7174048,original
2007-06-26,20.7278976,original
2007-06-27,21.1809664,original
2007-06-28,19.680176,original
2007-06-29,18.6041376,original
2007-06-30,18.122752,original
2007-07-01,17.7546336,original
2007-07-02,17.5847328,original
2007-07-03,17.4997824,original
2007-07-04,18.1510688,original
2007-07-05,21.6340352,original
2007-07-06,24.494032,original
2007-07-07,25.7966048,original
2007-07-08,28.1185824,original
2007-07-09,28.599968,original
2007-07-10,24.748883199999998,original
2007-07-11,22.3419552,original
2007-07-12,21.662352,original
2007-07-13,28.1468992,original
2007-07-14,45.30688,original
2007-07-15,55.500928,original
2007-07-16,62.29696,original
2007-07-17,53.80192,original
2007-07-18,43.041536,original
2007-07-19,35.679168,original
2007-07-20,29.73264,original
2007-07-21,25.4568032,original
2007-07-22,23.2480928,original
2007-07-23,21.577401599999998,original
2007-07-24,21.8888864,original
2007-07-25,21.1243328,original
2007-07-26,19.4536416,original
2007-07-27,18.4908704,original
2007-07-28,17.839584,original
2007-07-29,17.4997824,original
2007-07-30,17.414832,original
2007-07-31,17.8112672,original
2007-08-01,20.3031456,original
2007-08-02,23.8993792,original
2007-08-03,31.431648,original
2007-08-04,31.714816,original
2007-08-05,25.201952,original
2007-08-06,21.209283199999998,original
2007-08-07,19.1987904,original
2007-08-08,18.0661184,original
2007-08-09,17.4997824,original
2007-08-10,17.8112672,original
2007-08-11,17.1599808,original
2007-08-12,16.3387936,original
2007-08-13,16.0273088,original
2007-08-14,15.715824,original
2007-08-15,15.8290912,original
2007-08-16,15.4609728,original
2007-08-17,15.291072,original
2007-08-18,16.3104768,original
2007-08-19,15.8290912,original
2007-08-20,15.6591904,original
2007-08-21,15.6875072,original
2007-08-22,15.3760224,original
2007-08-23,15.0928544,original
2007-08-24,14.9512704,original
2007-08-25,14.8096864,original
2007-08-26,14.7813696,original
2007-08-27,15.57424,original
2007-08-28,17.3581984,original
2007-08-29,20.52968,original
2007-08-30,22.1154208,original
2007-08-31,21.6906688,original
2007-09-01,20.1898784,original
2007-09-02,25.0886848,original
2007-09-03,27.750464,original
2007-09-04,23.219776,original
2007-09-05,21.2942336,original
2007-09-06,25.8815552,original
2007-09-07,23.5312608,original
2007-09-08,20.6995808,original
2007-09-09,19.4536416,original
2007-09-10,19.8783936,original
2007-09-11,19.5102752,original
2007-09-12,18.4908704,original
2007-09-13,19.3120576,original
2007-09-14,20.1898784,original
2007-09-15,22.8233408,original
2007-09-16,25.9665056,original
2007-09-17,25.5983872,original
2007-09-18,22.7667072,original
2007-09-19,19.7934432,original
2007-09-20,18.264336,original
2007-09-21,17.386515199999998,original
2007-09-22,16.9334464,original
2007-09-23,16.9334464,original
2007-09-24,17.9245344,original
2007-09-25,19.5102752,original
2007-09-26,20.0766112,original
2007-09-27,19.0572064,original
2007-09-28,17.9245344,original
2007-09-29,17.386515199999998,original
2007-09-30,16.9051296,original
2007-10-01,16.6785952,original
2007-10-02,16.3954272,original
2007-10-03,16.1122592,original
2007-10-04,16.0273088,original
2007-10-05,16.3104768,original
2007-10-06,16.3387936,original
2007-10-07,16.452060799999998,original
2007-10-08,16.5370112,original
2007-10-09,16.8201792,original
2007-10-10,17.103347199999998,original
2007-10-11,16.6219616,original
2007-10-12,16.2538432,original
2007-10-13,16.0273088,original
2007-10-14,15.9706752,original
2007-10-15,15.9140416,original
2007-10-16,16.0556256,original
2007-10-17,16.3671104,original
2007-10-18,18.122752,original
2007-10-19,21.4641344,original
2007-10-20,19.9916608,original
2007-10-21,18.264336,original
2007-10-22,20.0199776,original
2007-10-23,36.528672,original
2007-10-24,45.873216,original
2007-10-25,34.829664,original
2007-10-26,27.042544,original
2007-10-27,23.7577952,original
2007-10-28,21.6057184,original
2007-10-29,20.2181952,original
2007-10-30,19.4536416,original
2007-10-31,18.9156224,original
2007-11-01,18.5191872,original
2007-11-02,18.264336,original
2007-11-03,18.0094848,original
2007-11-04,17.7263168,original
2007-11-05,17.5280992,original
2007-11-06,17.4431488,original
2007-11-07,17.2449312,original
2007-11-08,17.131664,original
2007-11-09,17.0183968,original
2007-11-10,17.0750304,original
2007-11-11,17.556416,original
2007-11-12,17.3298816,original
2007-11-13,17.2166144,original
2007-11-14,17.0467136,original
2007-11-15,16.9334464,original
2007-11-16,16.6502784,original
2007-11-17,16.4803776,original
2007-11-18,16.6502784,original
2007-11-19,16.7918624,original
2007-11-20,16.848496,original
2007-11-21,16.8768128,original
2007-11-22,16.9617632,original
2007-11-23,17.6413664,original
2007-11-24,17.103347199999998,original
2007-11-25,17.273248,original
2007-11-26,19.1421568,original
2007-11-27,20.4447296,original
2007-11-28,22.6251232,original
2007-11-29,26.3912576,original
2007-11-30,23.3330432,original
2007-12-01,20.6995808,original
2007-12-02,19.4819584,original
2007-12-03,18.830672,original
2007-12-04,18.264336,original
2007-12-05,17.8962176,original
2007-12-06,17.7263168,original
2007-12-07,17.6696832,original
2007-12-08,17.6413664,original
2007-12-09,17.6130496,original
2007-12-10,17.981168,original
2007-12-11,17.7829504,original
2007-12-12,17.6413664,original
2007-12-13,17.6696832,original
2007-12-14,17.6413664,original
2007-12-15,17.4714656,original
2007-12-16,17.414832,original
2007-12-17,17.6696832,original
2007-12-18,17.698,original
2007-12-19,17.839584,original
2007-12-20,18.9439392,original
2007-12-21,28.883136,original
2007-12-22,38.22768,original
2007-12-23,39.360352,original
2007-12-24,43.041536,original
2007-12-25,35.962336,original
2007-12-26,30.015808,original
2007-12-27,28.1468992,original
2007-12-28,26.2496736,original
2007-12-29,25.4284864,original
2007-12-30,29.166304,original
2007-12-31,33.98016,original
2008-01-01,33.130656,original
2008-01-02,28.599968,original
2008-01-03,25.7966048,original
2008-01-04,24.0126464,original
2008-01-05,23.0215584,original
2008-01-06,22.4269056,original
2008-01-07,22.0587872,original
2008-01-08,21.8322528,original
2008-01-09,22.5401728,original
2008-01-10,26.702742399999998,original
2008-01-11,30.865312,original
2008-01-12,47.289056,original
2008-01-13,56.6336,original
2008-01-14,45.023711999999996,original
2008-01-15,34.829664,original
2008-01-16,31.714816,original
2008-01-17,36.528672,original
2008-01-18,39.360352,original
2008-01-19,46.156384,original
2008-01-20,79.003872,original
2008-01-21,88.348416,original
2008-01-22,69.942496,original
2008-01-23,55.500928,original
2008-01-24,46.156384,original
2008-01-25,42.4752,original
2008-01-26,48.13856,original
2008-01-27,86.649408,original
2008-01-28,129.124608,original
2008-01-29,132.239456,original
2008-01-30,101.657312,original
2008-01-31,83.817728,original
2008-02-01,165.65328,original
2008-02-02,210.67699199999998,original
2008-02-03,195.669088,original
2008-02-04,141.017664,original
2008-02-05,90.896928,original
2008-02-06,63.995968,original
2008-02-07,56.916768,original
2008-02-08,50.120736,original
2008-02-09,44.740544,original
2008-02-10,40.209856,original
2008-02-11,36.528672,original
2008-02-12,34.546496,original
2008-02-13,36.528672,original
2008-02-14,39.64352,original
2008-02-15,38.794016,original
2008-02-16,40.493024,original
2008-02-17,53.518752,original
2008-02-18,68.809824,original
2008-02-19,79.28704,original
2008-02-20,76.45536,original
2008-02-21,60.314783999999996,original
2008-02-22,53.80192,original
2008-02-23,60.881119999999996,original
2008-02-24,87.215744,original
2008-02-25,110.152352,original
2008-02-26,130.25728,original
2008-02-27,99.391968,original
2008-02-28,66.261312,original
2008-02-29,54.651424,original
2008-03-01,47.005888,original
2008-03-02,41.908864,original
2008-03-03,37.944511999999996,original
2008-03-04,66.54448,original
2008-03-05,168.201792,original
2008-03-06,278.637312,original
2008-03-07,319.97983999999997,original
2008-03-08,325.6432,original
2008-03-09,248.338336,original
2008-03-10,138.75232,original
2008-03-11,88.631584,original
2008-03-12,78.154368,original
2008-03-13,77.8712,original
2008-03-14,71.358336,original
2008-03-15,60.597952,original
2008-03-16,52.102911999999996,original
2008-03-17,46.156384,original
2008-03-18,42.192032,original
2008-03-19,40.776192,original
2008-03-20,41.342528,original
2008-03-21,40.493024,original
2008-03-22,41.05936,original
2008-03-23,38.510848,original
2008-03-24,35.396,original
2008-03-25,33.130656,original
2008-03-26,31.714816,original
2008-03-27,30.582144,original
2008-03-28,30.015808,original
2008-03-29,29.449472,original
2008-03-30,29.166304,original
2008-03-31,29.73264,original
2008-04-01,29.166304,original
2008-04-02,28.599968,original
2008-04-03,29.73264,original
2008-04-04,30.582144,original
2008-04-05,33.696992,original
2008-04-06,35.396,original
2008-04-07,33.130656,original
2008-04-08,30.015808,original
2008-04-09,28.3168,original
2008-04-10,27.0991776,original
2008-04-11,26.4195744,original
2008-04-12,25.9381888,original
2008-04-13,24.8904672,original
2008-04-14,24.1542304,original
2008-04-15,23.446310399999998,original
2008-04-16,22.9649248,original
2008-04-17,22.65344,original
2008-04-18,22.5401728,original
2008-04-19,23.0215584,original
2008-04-20,24.5789824,original
2008-04-21,24.6922496,original
2008-04-22,25.201952,original
2008-04-23,28.883136,original
2008-04-24,34.829664,original
2008-04-25,30.298976,original
2008-04-26,26.19304,original
2008-04-27,26.2213568,original
2008-04-28,30.582144,original
2008-04-29,31.14848,original
2008-04-30,31.14848,original
2008-05-01,27.8637312,original
2008-05-02,26.476208,original
2008-05-03,160.273088,original
2008-05-04,285.99968,original
2008-05-05,152.627552,original
2008-05-06,85.233568,original
2008-05-07,53.80192,original
2008-05-08,40.209856,original
2008-05-09,34.263328,original
2008-05-10,30.865312,original
2008-05-11,28.288483199999998,original
2008-05-12,26.5045248,original
2008-05-13,25.1453184,original
2008-05-14,24.6639328,original
2008-05-15,38.794016,original
2008-05-16,88.348416,original
2008-05-17,92.312768,original
2008-05-18,58.04944,original
2008-05-19,42.758368,original
2008-05-20,34.546496,original
2008-05-21,30.015808,original
2008-05-22,27.8637312,original
2008-05-23,28.599968,original
2008-05-24,28.1185824,original
2008-05-25,26.8160096,original
2008-05-26,25.8249216,original
2008-05-27,25.032051199999998,original
2008-05-28,26.3063072,original
2008-05-29,25.1736352,original
2008-05-30,23.814428799999998,original
2008-05-31,22.4835392,original
2008-06-01,21.6906688,original
2008-06-02,21.1526496,original
2008-06-03,20.671264,original
2008-06-04,20.1332448,original
2008-06-05,19.538592,original
2008-06-06,19.255424,original
2008-06-07,19.0005728,original
2008-06-08,18.5758208,original
2008-06-09,18.3209696,original
2008-06-10,18.4342368,original
2008-06-11,18.9156224,original
2008-06-12,19.623542399999998,original
2008-06-13,20.2181952,original
2008-06-14,19.680176,original
2008-06-15,21.8322528,original
2008-06-16,20.557996799999998,original
2008-06-17,19.340374399999998,original
2008-06-18,18.4342368,original
2008-06-19,19.82176,original
2008-06-20,17.9245344,original
2008-06-21,17.4997824,original
2008-06-22,18.3492864,original
2008-06-23,17.981168,original
2008-06-24,17.0750304,original
2008-06-25,17.103347199999998,original
2008-06-26,18.40592,original
2008-06-27,21.4924512,original
2008-06-28,19.4819584,original
2008-06-29,19.5952256,original
2008-06-30,20.8977984,original
2008-07-01,20.1332448,original
2008-07-02,18.7740384,original
2008-07-03,17.4431488,original
2008-07-04,17.7546336,original
2008-07-05,19.255424,original
2008-07-06,17.556416,original
2008-07-07,17.5280992,original
2008-07-08,21.4075008,original
2008-07-09,18.9156224,original
2008-07-10,17.3298816,original
2008-07-11,16.5370112,original
2008-07-12,15.8857248,original
2008-07-13,15.4609728,original
2008-07-14,15.291072,original
2008-07-15,15.262755199999999,original
2008-07-16,15.6025568,original
2008-07-17,15.0362208,original
2008-07-18,15.1778048,original
2008-07-19,14.611468799999999,original
2008-07-20,14.3566176,original
2008-07-21,14.1584,original
2008-07-22,14.0451328,original
2008-07-23,14.0451328,original
2008-07-24,14.86632,original
2008-07-25,15.6308736,original
2008-07-26,17.0183968,original
2008-07-27,18.122752,original
2008-07-28,19.0005728,original
2008-07-29,17.7829504,original
2008-07-30,17.6696832,original
2008-07-31,16.7918624,original
2008-08-01,19.538592,original
2008-08-02,19.2837408,original
2008-08-03,17.556416,original
2008-08-04,16.3104768,original
2008-08-05,15.6308736,original
2008-08-06,14.9795872,original
2008-08-07,14.441568,original
2008-08-08,14.1867168,original
2008-08-09,14.0734496,original
2008-08-10,13.875232,original
2008-08-11,14.3849344,original
2008-08-12,16.2255264,original
2008-08-13,19.8783936,original
2008-08-14,23.0215584,original
2008-08-15,24.2391808,original
2008-08-16,24.380764799999998,original
2008-08-17,24.5506656,original
2008-08-18,22.5401728,original
2008-08-19,21.7189856,original
2008-08-20,24.3241312,original
2008-08-21,22.2853216,original
2008-08-22,19.9350272,original
2008-08-23,18.1510688,original
2008-08-24,18.689087999999998,original
2008-08-25,22.7100736,original
2008-08-26,27.467296,original
2008-08-27,26.4478912,original
2008-08-28,27.1274944,original
2008-08-29,23.927696,original
2008-08-30,20.5013632,original
2008-08-31,18.547504,original
2008-09-01,20.4447296,original
2008-09-02,103.35632,original
2008-09-03,302.98976,original
2008-09-04,421.92032,original
2008-09-05,453.0688,original
2008-09-06,535.18752,original
2008-09-07,603.14784,original
2008-09-08,379.44512,original
2008-09-09,144.698848,original
2008-09-10,79.570208,original
2008-09-11,58.04944,original
2008-09-12,48.13856,original
2008-09-13,43.607872,original
2008-09-14,40.776192,original
2008-09-15,38.510848,original
2008-09-16,41.625696,original
2008-09-17,42.4752,original
2008-09-18,37.944511999999996,original
2008-09-19,33.98016,original
2008-09-20,32.847488,original
2008-09-21,47.855392,original
2008-09-22,67.96032,original
2008-09-23,52.669247999999996,original
2008-09-24,39.926688,original
2008-09-25,33.696992,original
2008-09-26,30.015808,original
2008-09-27,27.9486816,original
2008-09-28,26.4478912,original
2008-09-29,25.400169599999998,original
2008-09-30,24.380764799999998,original
2008-10-01,23.5312608,original
2008-10-02,22.795023999999998,original
2008-10-03,22.1720544,original
2008-10-04,21.7189856,original
2008-10-05,21.3225504,original
2008-10-06,20.9827488,original
2008-10-07,22.0304704,original
2008-10-08,27.750464,original
2008-10-09,28.203532799999998,original
2008-10-10,25.4568032,original
2008-10-11,23.1914592,original
2008-10-12,21.9172032,original
2008-10-13,21.209283199999998,original
2008-10-14,21.0676992,original
2008-10-15,20.7562144,original
2008-10-16,20.388096,original
2008-10-17,20.0766112,original
2008-10-18,20.104928,original
2008-10-19,20.246512,original
2008-10-20,20.0766112,original
2008-10-21,19.623542399999998,original
2008-10-22,19.4253248,original
2008-10-23,19.82176,original
2008-10-24,19.8500768,original
2008-10-25,19.7934432,original
2008-10-26,19.3686912,original
2008-10-27,18.9439392,original
2008-10-28,18.5191872,original
2008-10-29,18.1793856,original
2008-10-30,18.2360192,original
2008-10-31,18.3209696,original
2008-11-01,18.2360192,original
2008-11-02,18.1510688,original
2008-11-03,17.9528512,original
2008-11-04,18.0094848,original
2008-11-05,17.7546336,original
2008-11-06,17.6413664,original
2008-11-07,17.556416,original
2008-11-08,17.5280992,original
2008-11-09,17.273248,original
2008-11-10,17.0750304,original
2008-11-11,17.131664,original
2008-11-12,17.7263168,original
2008-11-13,18.8023552,original
2008-11-14,19.680176,original
2008-11-15,19.397008,original
2008-11-16,18.8873056,original
2008-11-17,19.0572064,original
2008-11-18,19.1987904,original
2008-11-19,18.7740384,original
2008-11-20,18.2077024,original
2008-11-21,17.9245344,original
2008-11-22,17.5847328,original
2008-11-23,17.414832,original
2008-11-24,17.6130496,original
2008-11-25,18.6041376,original
2008-11-26,19.4819584,original
2008-11-27,19.1421568,original
2008-11-28,19.0005728,original
2008-11-29,19.82176,original
2008-11-30,39.077184,original
2008-12-01,57.766272,original
2008-12-02,57.199936,original
2008-12-03,46.439552,original
2008-12-04,34.546496,original
2008-12-05,31.431648,original
2008-12-06,30.865312,original
2008-12-07,31.997984,original
2008-12-08,30.582144,original
2008-12-09,27.5805632,original
2008-12-10,27.4956128,original
2008-12-11,44.457376,original
2008-12-12,98.25929599999999,original
2008-12-13,170.467136,original
2008-12-14,227.383904,original
2008-12-15,223.985888,original
2008-12-16,180.661184,original
2008-12-17,108.736512,original
2008-12-18,71.641504,original
2008-12-19,58.332608,original
2008-12-20,51.819744,original
2008-12-21,47.572224,original
2008-12-22,43.89104,original
2008-12-23,40.209856,original
2008-12-24,37.944511999999996,original
2008-12-25,42.758368,original
2008-12-26,50.687072,original
2008-12-27,45.023711999999996,original
2008-12-28,39.64352,original
2008-12-29,46.72272,original
2008-12-30,57.766272,original
2008-12-31,54.368256,original
2009-01-01,48.988064,original
2009-01-02,41.908864,original
2009-01-03,38.22768,original
2009-01-04,48.13856,original
2009-01-05,68.243488,original
2009-01-06,61.164288,original
2009-01-07,76.45536,original
2009-01-08,139.601824,original
2009-01-09,189.439392,original
2009-01-10,171.033472,original
2009-01-11,133.08896,original
2009-01-12,128.558272,original
2009-01-13,104.488992,original
2009-01-14,73.906848,original
2009-01-15,60.881119999999996,original
2009-01-16,52.669247999999996,original
2009-01-17,46.72272,original
2009-01-18,42.758368,original
2009-01-19,40.493024,original
2009-01-20,38.510848,original
2009-01-21,36.528672,original
2009-01-22,34.829664,original
2009-01-23,33.696992,original
2009-01-24,32.847488,original
2009-01-25,32.281152,original
2009-01-26,31.997984,original
2009-01-27,31.14848,original
2009-01-28,30.865312,original
2009-01-29,30.582144,original
2009-01-30,30.298976,original
2009-01-31,29.449472,original
2009-02-01,29.166304,original
2009-02-02,29.449472,original
2009-02-03,31.714816,original
2009-02-04,31.431648,original
2009-02-05,30.865312,original
2009-02-06,30.865312,original
2009-02-07,29.166304,original
2009-02-08,28.2318496,original
2009-02-09,27.5239296,original
2009-02-10,28.0619488,original
2009-02-11,30.015808,original
2009-02-12,30.015808,original
2009-02-13,28.883136,original
2009-02-14,48.13856,original
2009-02-15,85.233568,original
2009-02-16,78.720704,original
2009-02-17,72.774176,original
2009-02-18,67.96032,original
2009-02-19,53.518752,original
2009-02-20,43.89104,original
2009-02-21,38.794016,original
2009-02-22,35.962336,original
2009-02-23,34.546496,original
2009-02-24,32.56432,original
2009-02-25,31.431648,original
2009-02-26,30.298976,original
2009-02-27,30.015808,original
2009-02-28,29.166304,original
2009-03-01,28.883136,original
2009-03-02,28.883136,original
2009-03-03,28.883136,original
2009-03-04,28.2318496,original
2009-03-05,27.2124448,original
2009-03-06,26.5894752,original
2009-03-07,26.1080896,original
2009-03-08,25.7399712,original
2009-03-09,25.4568032,original
2009-03-10,25.032051199999998,original
2009-03-11,24.6922496,original
2009-03-12,24.352448,original
2009-03-13,23.927696,original
2009-03-14,24.494032,original
2009-03-15,31.431648,original
2009-03-16,50.687072,original
2009-03-17,86.932576,original
2009-03-18,104.20582399999999,original
2009-03-19,95.144448,original
2009-03-20,76.45536,original
2009-03-21,52.952416,original
2009-03-22,42.192032,original
2009-03-23,37.095008,original
2009-03-24,33.98016,original
2009-03-25,31.997984,original
2009-03-26,39.360352,original
2009-03-27,149.229536,original
2009-03-28,393.60352,original
2009-03-29,1070.37504,original
2009-03-30,1679.18624,original
2009-03-31,1662.19616,original
2009-04-01,1118.5136,original
2009-04-02,540.85088,original
2009-04-03,254.568032,original
2009-04-04,156.591904,original
2009-04-05,111.568192,original
2009-04-06,81.552384,original
2009-04-07,63.7128,original
2009-04-08,51.536576,original
2009-04-09,43.89104,original
2009-04-10,39.64352,original
2009-04-11,35.679168,original
2009-04-12,32.281152,original
2009-04-13,39.077184,original
2009-04-14,105.904832,original
2009-04-15,263.629408,original
2009-04-16,467.2272,original
2009-04-17,450.23712,original
2009-04-18,207.845312,original
2009-04-19,101.94048,original
2009-04-20,77.021696,original
2009-04-21,64.562304,original
2009-04-22,56.350432,original
2009-04-23,49.271232,original
2009-04-24,43.324704,original
2009-04-25,38.794016,original
2009-04-26,35.112832,original
2009-04-27,32.56432,original
2009-04-28,30.582144,original
2009-04-29,29.166304,original
2009-04-30,27.7787808,original
2009-05-01,26.702742399999998,original
2009-05-02,25.7399712,original
2009-05-03,25.1170016,original
2009-05-04,26.4478912,original
2009-05-05,74.190016,original
2009-05-06,86.649408,original
2009-05-07,64.845472,original
2009-05-08,50.120736,original
2009-05-09,41.625696,original
2009-05-10,36.81184,original
2009-05-11,33.696992,original
2009-05-12,31.431648,original
2009-05-13,31.431648,original
2009-05-14,41.908864,original
2009-05-15,34.829664,original
2009-05-16,35.962336,original
2009-05-17,36.81184,original
2009-05-18,65.694976,original
2009-05-19,50.120736,original
2009-05-20,42.758368,original
2009-05-21,33.98016,original
2009-05-22,29.73264,original
2009-05-23,28.599968,original
2009-05-24,28.3168,original
2009-05-25,31.431648,original
2009-05-26,42.758368,original
2009-05-27,46.72272,original
2009-05-28,44.174208,original
2009-05-29,36.528672,original
2009-05-30,30.865312,original
2009-05-31,27.3823456,original
2009-06-01,25.48512,original
2009-06-02,24.1259136,original
2009-06-03,23.786112,original
2009-06-04,23.3896768,original
2009-06-05,22.795023999999998,original
2009-06-06,22.3136384,original
2009-06-07,21.94552,original
2009-06-08,21.4358176,original
2009-06-09,21.0110656,original
2009-06-10,20.7278976,original
2009-06-11,20.3597792,original
2009-06-12,20.104928,original
2009-06-13,19.5669088,original
2009-06-14,19.1421568,original
2009-06-15,18.8023552,original
2009-06-16,18.4625536,original
2009-06-17,18.2077024,original
2009-06-18,17.981168,original
2009-06-19,17.7263168,original
2009-06-20,17.4431488,original
2009-06-21,17.2449312,original
2009-06-22,16.99008,original
2009-06-23,16.848496,original
2009-06-24,16.6502784,original
2009-06-25,16.735228799999998,original
2009-06-26,16.452060799999998,original
2009-06-27,16.2255264,original
2009-06-28,16.2255264,original
2009-06-29,16.3387936,original
2009-06-30,16.4803776,original
2009-07-01,17.131664,original
2009-07-02,16.3954272,original
2009-07-03,16.9334464,original
2009-07-04,16.0839424,original
2009-07-05,15.715824,original
2009-07-06,15.998992,original
2009-07-07,17.273248,original
2009-07-08,18.5758208,original
2009-07-09,18.6607712,original
2009-07-10,18.264336,original
2009-07-11,17.3581984,original
2009-07-12,16.6785952,original
2009-07-13,17.4997824,original
2009-07-14,20.557996799999998,original
2009-07-15,18.2926528,original
2009-07-16,17.3298816,original
2009-07-17,17.273248,original
2009-07-18,20.274828799999998,original
2009-07-19,20.1332448,original
2009-07-20,18.4625536,original
2009-07-21,17.839584,original
2009-07-22,16.848496,original
2009-07-23,16.7635456,original
2009-07-24,17.5847328,original
2009-07-25,17.3015648,original
2009-07-26,16.9334464,original
2009-07-27,16.848496,original
2009-07-28,18.6041376,original
2009-07-29,19.7084928,original
2009-07-30,20.557996799999998,original
2009-07-31,21.1526496,original
2009-08-01,22.1720544,original
2009-08-02,22.1437376,original
2009-08-03,22.4835392,original
2009-08-04,21.0393824,original
2009-08-05,19.7368096,original
2009-08-06,20.52968,original
2009-08-07,19.11384,original
2009-08-08,17.8962176,original
2009-08-09,17.556416,original
2009-08-10,17.414832,original
2009-08-11,17.1599808,original
2009-08-12,16.99008,original
2009-08-13,18.547504,original
2009-08-14,18.0094848,original
2009-08-15,17.2449312,original
2009-08-16,16.4803776,original
2009-08-17,17.1599808,original
2009-08-18,18.6324544,original
2009-08-19,19.538592,original
2009-08-20,18.4342368,original
2009-08-21,18.2926528,original
2009-08-22,18.5758208,original
2009-08-23,17.8112672,original
2009-08-24,16.8768128,original
2009-08-25,16.2538432,original
2009-08-26,16.0839424,original
2009-08-27,15.6875072,original
2009-08-28,15.404339199999999,original
2009-08-29,15.262755199999999,original
2009-08-30,15.1778048,original
2009-08-31,15.6308736,original
2009-09-01,15.857408,original
2009-09-02,15.0928544,original
2009-09-03,14.8380032,original
2009-09-04,14.8380032,original
2009-09-05,14.753052799999999,original
2009-09-06,15.57424,original
2009-09-07,19.2271072,original
2009-09-08,21.6057184,original
2009-09-09,22.1720544,original
2009-09-10,21.4075008,original
2009-09-11,19.4536416,original
2009-09-12,19.680176,original
2009-09-13,22.3419552,original
2009-09-14,27.9769984,original
2009-09-15,31.14848,original
2009-09-16,27.5522464,original
2009-09-17,28.3168,original
2009-09-18,23.4179936,original
2009-09-19,21.4075008,original
2009-09-20,21.0110656,original
2009-09-21,21.0393824,original
2009-09-22,20.6429472,original
2009-09-23,41.625696,original
2009-09-24,46.72272,original
2009-09-25,58.04944,original
2009-09-26,56.916768,original
2009-09-27,45.023711999999996,original
2009-09-28,38.510848,original
2009-09-29,31.14848,original
2009-09-30,25.8532384,original
2009-10-01,22.9932416,original
2009-10-02,22.228688,original
2009-10-03,22.2003712,original
2009-10-04,22.0304704,original
2009-10-05,23.219776,original
2009-10-06,25.2302688,original
2009-10-07,25.626704,original
2009-10-08,26.0231392,original
2009-10-09,25.032051199999998,original
2009-10-10,23.1348256,original
2009-10-11,22.370272,original
2009-10-12,25.2869024,original
2009-10-13,37.944511999999996,original
2009-10-14,53.518752,original
2009-10-15,74.75635199999999,original
2009-10-16,83.251392,original
2009-10-17,104.77216,original
2009-10-18,144.698848,original
2009-10-19,152.91072,original
2009-10-20,107.887008,original
2009-10-21,63.429632,original
2009-10-22,44.457376,original
2009-10-23,38.22768,original
2009-10-24,34.829664,original
2009-10-25,32.281152,original
2009-10-26,31.714816,original
2009-10-27,31.14848,original
2009-10-28,29.166304,original
2009-10-29,27.4106624,original
2009-10-30,26.0231392,original
2009-10-31,28.288483199999998,original
2009-11-01,40.493024,original
2009-11-02,53.518752,original
2009-11-03,62.013792,original
2009-11-04,52.38608,original
2009-11-05,38.22768,original
2009-11-06,31.14848,original
2009-11-07,27.325712,original
2009-11-08,25.201952,original
2009-11-09,23.7294784,original
2009-11-10,22.8799744,original
2009-11-11,22.1154208,original
2009-11-12,21.520768,original
2009-11-13,20.926115199999998,original
2009-11-14,20.5013632,original
2009-11-15,20.2181952,original
2009-11-16,19.9916608,original
2009-11-17,20.246512,original
2009-11-18,20.5013632,original
2009-11-19,20.0766112,original
2009-11-20,19.623542399999998,original
2009-11-21,19.3686912,original
2009-11-22,19.963344,original
2009-11-23,22.511855999999998,original
2009-11-24,23.078192,original
2009-11-25,22.0021536,original
2009-11-26,20.926115199999998,original
2009-11-27,19.963344,original
2009-11-28,19.340374399999998,original
2009-11-29,18.972255999999998,original
2009-11-30,19.0855232,original
2009-12-01,20.9827488,original
2009-12-02,30.582144,original
2009-12-03,41.342528,original
2009-12-04,43.89104,original
2009-12-05,45.023711999999996,original
2009-12-06,38.22768,original
2009-12-07,33.413824,original
2009-12-08,46.72272,original
2009-12-09,97.69296,original
2009-12-10,108.736512,original
2009-12-11,99.1088,original
2009-12-12,96.843456,original
2009-12-13,157.72457599999998,original
2009-12-14,314.31648,original
2009-12-15,506.87072,original
2009-12-16,608.8112,original
2009-12-17,807.0287999999999,original
2009-12-18,906.1376,original
2009-12-19,832.51392,original
2009-12-20,857.99904,original
2009-12-21,710.75168,original
2009-12-22,433.24703999999997,original
2009-12-23,248.055168,original
2009-12-24,137.33648,original
2009-12-25,136.486976,original
2009-12-26,208.977984,original
2009-12-27,250.886848,original
2009-12-28,197.368096,original
2009-12-29,138.75232,original
2009-12-30,89.764256,original
2009-12-31,97.12662399999999,original
2010-01-01,141.30083199999999,original
2010-01-02,152.344384,original
2010-01-03,118.93056,original
2010-01-04,87.215744,original
2010-01-05,69.37616,original
2010-01-06,59.46528,original
2010-01-07,53.80192,original
2010-01-08,51.536576,original
2010-01-09,50.120736,original
2010-01-10,47.572224,original
2010-01-11,45.30688,original
2010-01-12,43.041536,original
2010-01-13,41.342528,original
2010-01-14,39.64352,original
2010-01-15,38.22768,original
2010-01-16,37.661344,original
2010-01-17,38.510848,original
2010-01-18,40.776192,original
2010-01-19,43.041536,original
2010-01-20,47.005888,original
2010-01-21,60.881119999999996,original
2010-01-22,116.948384,original
2010-01-23,187.457216,original
2010-01-24,194.819584,original
2010-01-25,142.99984,original
2010-01-26,92.595936,original
2010-01-27,66.54448,original
2010-01-28,55.500928,original
2010-01-29,48.421728,original
2010-01-30,52.38608,original
2010-01-31,69.942496,original
2010-02-01,80.136544,original
2010-02-02,82.11872,original
2010-02-03,75.605856,original
2010-02-04,66.54448,original
2010-02-05,168.48496,original
2010-02-06,362.45504,original
2010-02-07,546.51424,original
2010-02-08,481.3856,original
2010-02-09,336.96992,original
2010-02-10,209.827488,original
2010-02-11,152.344384,original
2010-02-12,126.859264,original
2010-02-13,129.40777599999998,original
2010-02-14,125.443424,original
2010-02-15,101.657312,original
2010-02-16,95.710784,original
2010-02-17,95.993952,original
2010-02-18,92.595936,original
2010-02-19,75.605856,original
2010-02-20,61.447456,original
2010-02-21,53.80192,original
2010-02-22,55.21776,original
2010-02-23,108.736512,original
2010-02-24,155.7424,original
2010-02-25,118.081056,original
2010-02-26,77.8712,original
2010-02-27,61.164288,original
2010-02-28,57.483104,original
2010-03-01,54.368256,original
2010-03-02,73.62368,original
2010-03-03,134.787968,original
2010-03-04,202.46511999999998,original
2010-03-05,184.342368,original
2010-03-06,135.35430399999998,original
2010-03-07,87.78208,original
2010-03-08,64.562304,original
2010-03-09,55.500928,original
2010-03-10,52.102911999999996,original
2010-03-11,54.085088,original
2010-03-12,61.447456,original
2010-03-13,65.12864,original
2010-03-14,55.21776,original
2010-03-15,48.13856,original
2010-03-16,43.89104,original
2010-03-17,41.05936,original
2010-03-18,39.077184,original
2010-03-19,37.661344,original
2010-03-20,36.528672,original
2010-03-21,36.528672,original
2010-03-22,36.81184,original
2010-03-23,36.528672,original
2010-03-24,36.528672,original
2010-03-25,35.962336,original
2010-03-26,37.095008,original
2010-03-27,37.661344,original
2010-03-28,35.679168,original
2010-03-29,34.829664,original
2010-03-30,33.413824,original
2010-03-31,32.56432,original
2010-04-01,31.714816,original
2010-04-02,31.14848,original
2010-04-03,30.865312,original
2010-04-04,32.847488,original
2010-04-05,33.98016,original
2010-04-06,33.130656,original
2010-04-07,32.56432,original
2010-04-08,31.997984,original
2010-04-09,38.22768,original
2010-04-10,35.679168,original
2010-04-11,31.714816,original
2010-04-12,29.73264,original
2010-04-13,28.599968,original
2010-04-14,27.4956128,original
2010-04-15,26.5894752,original
2010-04-16,26.617791999999998,original
2010-04-17,25.8249216,original
2010-04-18,25.400169599999998,original
2010-04-19,25.060368,original
2010-04-20,24.6072992,original
2010-04-21,24.2958144,original
2010-04-22,24.06928,original
2010-04-23,23.814428799999998,original
2010-04-24,24.6072992,original
2010-04-25,31.14848,original
2010-04-26,32.56432,original
2010-04-27,27.184128,original
2010-04-28,25.060368,original
2010-04-29,23.644528,original
2010-04-30,23.0498752,original
2010-05-01,23.1914592,original
2010-05-02,26.1647232,original
2010-05-03,32.281152,original
2010-05-04,35.112832,original
2010-05-05,31.14848,original
2010-05-06,27.1558112,original
2010-05-07,24.7205664,original
2010-05-08,23.3047264,original
2010-05-09,22.3419552,original
2010-05-10,21.662352,original
2010-05-11,21.2376,original
2010-05-12,21.0676992,original
2010-05-13,20.812848,original
2010-05-14,20.388096,original
2010-05-15,20.104928,original
2010-05-16,21.9738368,original
2010-05-17,31.14848,original
2010-05-18,29.73264,original
2010-05-19,31.997984,original
2010-05-20,27.269078399999998,original
2010-05-21,24.4090816,original
2010-05-22,23.163142399999998,original
2010-05-23,22.1437376,original
2010-05-24,21.379184,original
2010-05-25,22.370272,original
2010-05-26,22.4552224,original
2010-05-27,21.0676992,original
2010-05-28,21.096016,original
2010-05-29,20.557996799999998,original
2010-05-30,20.104928,original
2010-05-31,19.7934432,original
2010-06-01,19.8783936,original
2010-06-02,23.3896768,original
2010-06-03,24.0126464,original
2010-06-04,27.042544,original
2010-06-05,37.095008,original
2010-06-06,46.439552,original
2010-06-07,42.192032,original
2010-06-08,33.98016,original
2010-06-09,29.166304,original
2010-06-10,27.5805632,original
2010-06-11,24.2958144,original
2010-06-12,22.5968064,original
2010-06-13,21.3508672,original
2010-06-14,20.557996799999998,original
2010-06-15,20.274828799999998,original
2010-06-16,21.4358176,original
2010-06-17,20.671264,original
2010-06-18,22.1720544,original
2010-06-19,23.502944,original
2010-06-20,24.748883199999998,original
2010-06-21,23.2480928,original
2010-06-22,21.0393824,original
2010-06-23,20.557996799999998,original
2010-06-24,21.096016,original
2010-06-25,21.096016,original
2010-06-26,19.9350272,original
2010-06-27,19.3686912,original
2010-06-28,18.972255999999998,original
2010-06-29,22.228688,original
2010-06-30,23.446310399999998,original
2010-07-01,25.2869024,original
2010-07-02,30.865312,original
2010-07-03,29.166304,original
2010-07-04,28.883136,original
2010-07-05,24.494032,original
2010-07-06,23.8427456,original
2010-07-07,27.9486816,original
2010-07-08,33.98016,original
2010-07-09,31.714816,original
2010-07-10,30.865312,original
2010-07-11,26.5611584,original
2010-07-12,24.6639328,original
2010-07-13,21.8322528,original
2010-07-14,20.1615616,original
2010-07-15,19.1421568,original
2010-07-16,18.6041376,original
2010-07-17,18.2360192,original
2010-07-18,20.7278976,original
2010-07-19,24.8904672,original
2010-07-20,29.166304,original
2010-07-21,25.0037344,original
2010-07-22,21.803936,original
2010-07-23,20.1615616,original
2010-07-24,19.5669088,original
2010-07-25,23.7577952,original
2010-07-26,63.7128,original
2010-07-27,86.36624,original
2010-07-28,54.368256,original
2010-07-29,40.209856,original
2010-07-30,31.431648,original
2010-07-31,25.9948224,original
2010-08-01,22.9932416,original
2010-08-02,21.3225504,original
2010-08-03,20.0766112,original
2010-08-04,19.2837408,original
2010-08-05,19.9350272,original
2010-08-06,21.379184,original
2010-08-07,24.9754176,original
2010-08-08,20.954432,original
2010-08-09,20.3314624,original
2010-08-10,23.36136,original
2010-08-11,22.3985888,original
2010-08-12,21.379184,original
2010-08-13,23.078192,original
2010-08-14,51.253408,original
2010-08-15,71.358336,original
2010-08-16,52.38608,original
2010-08-17,48.704896,original
2010-08-18,44.457376,original
2010-08-19,41.908864,original
2010-08-20,37.378175999999996,original
2010-08-21,33.98016,original
2010-08-22,30.298976,original
2010-08-23,28.599968,original
2010-08-24,28.883136,original
2010-08-25,30.865312,original
2010-08-26,36.528672,original
2010-08-27,31.14848,original
2010-08-28,26.4195744,original
2010-08-29,30.015808,original
2010-08-30,60.314783999999996,original
2010-08-31,67.67715199999999,original
2010-09-01,51.819744,original
2010-09-02,38.510848,original
2010-09-03,30.865312,original
2010-09-04,26.9292768,original
2010-09-05,24.7205664,original
2010-09-06,23.2764096,original
2010-09-07,22.4552224,original
2010-09-08,22.2853216,original
2010-09-09,21.9738368,original
2010-09-10,21.520768,original
2010-09-11,21.0110656,original
2010-09-12,20.5013632,original
2010-09-13,19.9916608,original
2010-09-14,19.538592,original
2010-09-15,19.1704736,original
2010-09-16,18.9439392,original
2010-09-17,18.9156224,original
2010-09-18,18.6324544,original
2010-09-19,18.4342368,original
2010-09-20,18.3492864,original
2010-09-21,18.2926528,original
2010-09-22,18.1793856,original
2010-09-23,18.1793856,original
2010-09-24,18.2926528,original
2010-09-25,18.264336,original
2010-09-26,18.40592,original
2010-09-27,18.830672,original
2010-09-28,18.1793856,original
2010-09-29,18.0094848,original
2010-09-30,17.839584,original
2010-10-01,17.6413664,original
2010-10-02,17.414832,original
2010-10-03,17.2449312,original
2010-10-04,17.0467136,original
2010-10-05,16.9617632,original
2010-10-06,16.9334464,original
2010-10-07,16.99008,original
2010-10-08,16.9334464,original
2010-10-09,16.8768128,original
2010-10-10,16.848496,original
2010-10-11,16.706912,original
2010-10-12,16.9334464,original
2010-10-13,16.99008,original
2010-10-14,16.6785952,original
2010-10-15,16.423744,original
2010-10-16,16.28216,original
2010-10-17,16.2255264,original
2010-10-18,16.1688928,original
2010-10-19,16.1122592,original
2010-10-20,16.140576,original
2010-10-21,16.452060799999998,original
2010-10-22,16.6219616,original
2010-10-23,16.423744,original
2010-10-24,16.452060799999998,original
2010-10-25,16.99008,original
2010-10-26,16.7918624,original
2010-10-27,16.5936448,original
2010-10-28,16.5936448,original
2010-10-29,16.6785952,original
2010-10-30,15.9706752,original
2010-10-31,15.8857248,original
2010-11-01,16.0273088,original
2010-11-02,16.3671104,original
2010-11-03,19.5669088,original
2010-11-04,20.3314624,original
2010-11-05,19.1704736,original
2010-11-06,18.264336,original
2010-11-07,17.7263168,original
2010-11-08,17.3298816,original
2010-11-09,17.103347199999998,original
2010-11-10,17.0183968,original
2010-11-11,16.9051296,original
2010-11-12,16.848496,original
2010-11-13,16.7918624,original
2010-11-14,16.848496,original
2010-11-15,17.8679008,original
2010-11-16,21.7756192,original
2010-11-17,24.1259136,original
2010-11-18,24.5223488,original
2010-11-19,25.343536,original
2010-11-20,21.7756192,original
2010-11-21,19.8783936,original
2010-11-22,19.0288896,original
2010-11-23,18.4908704,original
2010-11-24,18.264336,original
2010-11-25,18.1510688,original
2010-11-26,19.1987904,original
2010-11-27,24.352448,original
2010-11-28,24.8904672,original
2010-11-29,22.3985888,original
2010-11-30,22.4552224,original
2010-12-01,22.7383904,original
2010-12-02,22.936608,original
2010-12-03,24.9471008,original
2010-12-04,25.7116544,original
2010-12-05,22.4552224,original
2010-12-06,20.6995808,original
2010-12-07,19.7934432,original
2010-12-08,19.1704736,original
2010-12-09,19.0005728,original
2010-12-10,18.8589888,original
2010-12-11,18.6607712,original
2010-12-12,19.397008,original
2010-12-13,20.4730464,original
2010-12-14,20.274828799999998,original
2010-12-15,19.538592,original
2010-12-16,19.3120576,original
2010-12-17,19.1704736,original
2010-12-18,19.0288896,original
2010-12-19,18.8873056,original
2010-12-20,18.8023552,original
2010-12-21,18.6607712,original
2010-12-22,18.5758208,original
2010-12-23,18.5758208,original
2010-12-24,18.2926528,original
2010-12-25,18.2926528,original
2010-12-26,18.8873056,original
2010-12-27,19.1987904,original
2010-12-28,18.9156224,original
2010-12-29,18.689087999999998,original
2010-12-30,20.7562144,original
2010-12-31,28.599968,original
2011-01-01,32.56432,original
2011-01-02,38.510848,original
2011-01-03,41.05936,original
2011-01-04,41.342528,original
2011-01-05,36.245504,original
2011-01-06,41.625696,original
2011-01-07,38.22768,original
2011-01-08,30.582144,original
2011-01-09,27.184128,original
2011-01-10,26.6461088,original
2011-01-11,30.298976,original
2011-01-12,30.015808,original
2011-01-13,27.920364799999998,original
2011-01-14,26.19304,original
2011-01-15,24.8621504,original
2011-01-16,23.9560128,original
2011-01-17,23.3047264,original
2011-01-18,23.1348256,original
2011-01-19,27.5239296,original
2011-01-20,33.413824,original
2011-01-21,30.582144,original
2011-01-22,27.6938304,original
2011-01-23,25.9381888,original
2011-01-24,24.6072992,original
2011-01-25,25.768288,original
2011-01-26,30.865312,original
2011-01-27,35.112832,original
2011-01-28,41.342528,original
2011-01-29,37.944511999999996,original
2011-01-30,31.714816,original
2011-01-31,29.73264,original
2011-02-01,28.599968,original
2011-02-02,37.661344,original
2011-02-03,44.740544,original
2011-02-04,40.493024,original
2011-02-05,58.04944,original
2011-02-06,61.164288,original
2011-02-07,50.687072,original
2011-02-08,44.740544,original
2011-02-09,37.944511999999996,original
2011-02-10,35.396,original
2011-02-11,36.528672,original
2011-02-12,34.829664,original
2011-02-13,33.98016,original
2011-02-14,32.281152,original
2011-02-15,30.298976,original
2011-02-16,28.883136,original
2011-02-17,27.4956128,original
2011-02-18,26.7310592,original
2011-02-19,25.909872,original
2011-02-20,25.3152192,original
2011-02-21,24.8055168,original
2011-02-22,24.352448,original
2011-02-23,23.9560128,original
2011-02-24,23.5595776,original
2011-02-25,24.5223488,original
2011-02-26,25.201952,original
2011-02-27,24.7772,original
2011-02-28,23.927696,original
2011-03-01,23.36136,original
2011-03-02,22.5684896,original
2011-03-03,21.94552,original
2011-03-04,22.370272,original
2011-03-05,47.572224,original
2011-03-06,104.77216,original
2011-03-07,124.027584,original
2011-03-08,96.560288,original
2011-03-09,114.399872,original
2011-03-10,274.67296,original
2011-03-11,617.30624,original
2011-03-12,724.91008,original
2011-03-13,747.56352,original
2011-03-14,450.23712,original
2011-03-15,167.918624,original
2011-03-16,92.879104,original
2011-03-17,75.322688,original
2011-03-18,69.942496,original
2011-03-19,60.881119999999996,original
2011-03-20,53.235583999999996,original
2011-03-21,47.289056,original
2011-03-22,42.758368,original
2011-03-23,39.64352,original
2011-03-24,37.378175999999996,original
2011-03-25,35.679168,original
2011-03-26,33.98016,original
2011-03-27,32.847488,original
2011-03-28,31.997984,original
2011-03-29,30.865312,original
2011-03-30,31.714816,original
2011-03-31,39.64352,original
2011-04-01,43.607872,original
2011-04-02,49.271232,original
2011-04-03,45.590047999999996,original
2011-04-04,37.378175999999996,original
2011-04-05,35.679168,original
2011-04-06,34.546496,original
2011-04-07,32.56432,original
2011-04-08,31.14848,original
2011-04-09,30.015808,original
2011-04-10,28.599968,original
2011-04-11,27.3540288,original
2011-04-12,26.3912576,original
2011-04-13,25.5983872,original
2011-04-14,24.748883199999998,original
2011-04-15,24.2674976,original
2011-04-16,23.9843296,original
2011-04-17,24.918784,original
2011-04-18,24.635616,original
2011-04-19,23.3896768,original
2011-04-20,22.9082912,original
2011-04-21,22.2853216,original
2011-04-22,21.9172032,original
2011-04-23,21.577401599999998,original
2011-04-24,21.6057184,original
2011-04-25,22.3985888,original
2011-04-26,21.9738368,original
2011-04-27,22.0304704,original
2011-04-28,21.860569599999998,original
2011-04-29,20.926115199999998,original
2011-04-30,20.2181952,original
2011-05-01,19.82176,original
2011-05-02,19.538592,original
2011-05-03,19.340374399999998,original
2011-05-04,19.3120576,original
2011-05-05,19.397008,original
2011-05-06,19.11384,original
2011-05-07,18.9156224,original
2011-05-08,18.6324544,original
2011-05-09,18.40592,original
2011-05-10,18.1510688,original
2011-05-11,17.8679008,original
2011-05-12,17.556416,original
2011-05-13,17.5847328,original
2011-05-14,17.386515199999998,original
2011-05-15,17.273248,original
2011-05-16,17.0467136,original
2011-05-17,16.7918624,original
2011-05-18,16.6502784,original
2011-05-19,16.5370112,original
2011-05-20,16.3387936,original
2011-05-21,16.2255264,original
2011-05-22,16.0556256,original
2011-05-23,15.857408,original
2011-05-24,15.6875072,original
2011-05-25,15.4609728,original
2011-05-26,16.140576,original
2011-05-27,17.2166144,original
2011-05-28,16.0839424,original
2011-05-29,15.4609728,original
2011-05-30,15.1778048,original
2011-05-31,14.9229536,original
2011-06-01,14.724736,original
2011-06-02,14.5548352,original
2011-06-03,14.3849344,original
2011-06-04,14.2150336,original
2011-06-05,14.0734496,original
2011-06-06,13.960182399999999,original
2011-06-07,14.5265184,original
2011-06-08,14.8946368,original
2011-06-09,17.386515199999998,original
2011-06-10,18.2077024,original
2011-06-11,16.6502784,original
2011-06-12,17.8112672,original
2011-06-13,17.556416,original
2011-06-14,16.3671104,original
2011-06-15,15.6308736,original
2011-06-16,15.0362208,original
2011-06-17,14.8096864,original
2011-06-18,14.3849344,original
2011-06-19,14.0734496,original
2011-06-20,13.818598399999999,original
2011-06-21,14.2716672,original
2011-06-22,17.4714656,original
2011-06-23,21.3225504,original
2011-06-24,22.795023999999998,original
2011-06-25,19.9916608,original
2011-06-26,18.1793856,original
2011-06-27,16.565328,original
2011-06-28,15.6308736,original
2011-06-29,15.0645376,original
2011-06-30,15.5176064,original
2011-07-01,14.9795872,original
2011-07-02,14.469884799999999,original
2011-07-03,14.1300832,original
2011-07-04,13.9035488,original
2011-07-05,14.4132512,original
2011-07-06,15.6591904,original
2011-07-07,15.3193888,original
2011-07-08,14.9512704,original
2011-07-09,14.2433504,original
2011-07-10,13.875232,original
2011-07-11,13.5354304,original
2011-07-12,13.3372128,original
2011-07-13,14.441568,original
2011-07-14,15.8857248,original
2011-07-15,16.2538432,original
2011-07-16,16.7635456,original
2011-07-17,21.7756192,original
2011-07-18,24.2674976,original
2011-07-19,22.4269056,original
2011-07-20,19.9916608,original
2011-07-21,18.037801599999998,original
2011-07-22,17.3298816,original
2011-07-23,17.8112672,original
2011-07-24,21.94552,original
2011-07-25,30.582144,original
2011-07-26,35.679168,original
2011-07-27,37.095008,original
2011-07-28,36.81184,original
2011-07-29,31.14848,original
2011-07-30,27.7221472,original
2011-07-31,25.032051199999998,original
2011-08-01,21.860569599999998,original
2011-08-02,21.1809664,original
2011-08-03,22.5968064,original
2011-08-04,20.557996799999998,original
2011-08-05,18.8589888,original
2011-08-06,17.3581984,original
2011-08-07,16.423744,original
2011-08-08,15.8290912,original
2011-08-09,15.291072,original
2011-08-10,14.9229536,original
2011-08-11,14.6397856,original
2011-08-12,14.3849344,original
2011-08-13,14.2433504,original
2011-08-14,15.0928544,original
2011-08-15,14.469884799999999,original
2011-08-16,13.9318656,original
2011-08-17,13.6486976,original
2011-08-18,13.592064,original
2011-08-19,13.7053312,original
2011-08-20,13.9318656,original
2011-08-21,13.875232,original
2011-08-22,13.592064,original
2011-08-23,13.8469152,original
2011-08-24,14.016816,original
2011-08-25,14.3566176,original
2011-08-26,14.1867168,original
2011-08-27,13.6203808,original
2011-08-28,13.0540448,original
2011-08-29,12.6859264,original
2011-08-30,12.4310752,original
2011-08-31,12.232857599999999,original
2011-09-01,12.1195904,original
2011-09-02,12.2611744,original
2011-09-03,15.6875072,original
2011-09-04,26.334623999999998,original
2011-09-05,53.80192,original
2011-09-06,144.132512,original
2011-09-07,331.30656,original
2011-09-08,702.25664,original
2011-09-09,540.85088,original
2011-09-10,218.88886399999998,original
2011-09-11,84.667232,original
2011-09-12,53.80192,original
2011-09-13,43.041536,original
2011-09-14,37.378175999999996,original
2011-09-15,33.696992,original
2011-09-16,31.14848,original
2011-09-17,29.166304,original
2011-09-18,27.750464,original
2011-09-19,26.7310592,original
2011-09-20,27.7787808,original
2011-09-21,26.476208,original
2011-09-22,25.060368,original
2011-09-23,25.0886848,original
2011-09-24,24.7772,original
2011-09-25,23.2764096,original
2011-09-26,22.1720544,original
2011-09-27,21.379184,original
2011-09-28,22.1154208,original
2011-09-29,46.156384,original
2011-09-30,47.855392,original
2011-10-01,33.413824,original
2011-10-02,26.702742399999998,original
2011-10-03,23.7294784,original
2011-10-04,22.0587872,original
2011-10-05,21.0393824,original
2011-10-06,20.3031456,original
2011-10-07,19.7651264,original
2011-10-08,19.4253248,original
2011-10-09,19.0288896,original
2011-10-10,18.7457216,original
2011-10-11,18.4908704,original
2011-10-12,18.2926528,original
2011-10-13,18.972255999999998,original
2011-10-14,19.4819584,original
2011-10-15,18.40592,original
2011-10-16,17.8679008,original
2011-10-17,17.5847328,original
2011-10-18,17.273248,original
2011-10-19,17.0750304,original
2011-10-20,16.848496,original
2011-10-21,16.6785952,original
2011-10-22,16.565328,original
2011-10-23,16.4803776,original
2011-10-24,16.5370112,original
2011-10-25,16.565328,original
2011-10-26,16.3954272,original
2011-10-27,16.3104768,original
2011-10-28,16.2255264,original
2011-10-29,16.1972096,original
2011-10-30,16.1972096,original
2011-10-31,16.0839424,original
2011-11-01,16.0556256,original
2011-11-02,16.0273088,original
2011-11-03,15.9706752,original
2011-11-04,16.1688928,original
2011-11-05,16.140576,original
2011-11-06,16.0556256,original
2011-11-07,16.0273088,original
2011-11-08,16.0273088,original
2011-11-09,16.565328,original
2011-11-10,17.0183968,original
2011-11-11,16.7635456,original
2011-11-12,16.3387936,original
2011-11-13,16.1122592,original
2011-11-14,16.2538432,original
2011-11-15,16.3387936,original
2011-11-16,16.7635456,original
2011-11-17,17.6696832,original
2011-11-18,18.7740384,original
2011-11-19,18.1793856,original
2011-11-20,18.0944352,original
2011-11-21,17.5847328,original
2011-11-22,17.3298816,original
2011-11-23,18.4342368,original
2011-11-24,20.954432,original
2011-11-25,20.104928,original
2011-11-26,19.4819584,original
2011-11-27,20.557996799999998,original
2011-11-28,22.4552224,original
2011-11-29,22.6251232,original
2011-11-30,24.097596799999998,original
2011-12-01,24.097596799999998,original
2011-12-02,21.739043333333335,original
2011-12-03,19.8500768,original
2011-12-04,19.1704736,original
2011-12-05,18.7740384,original
2011-12-06,18.8430606,original
2011-12-07,19.775155266666665,original
2011-12-08,20.52968,original
2011-12-09,20.142683733333335,original
2011-12-10,19.6925646,original
2011-12-11,19.237726,original
2011-12-12,18.952198266666667,original
2011-12-13,18.725663866666665,original
2011-12-14,18.6041376,original
2011-12-15,18.591749,original
2011-12-16,18.613576533333333,original
2011-12-17,18.812384066666667,original
2011-12-18,18.469042866666666,original
2011-12-19,18.1740762,original
2011-12-20,18.047830466666664,original
2011-12-21,18.017743866666667,original
2011-12-22,20.8977984,original
2011-12-23,22.920943387234043,original
2011-12-24,23.429792266666666,original
2011-12-25,22.4269056,original
2011-12-26,22.511855999999998,original
2011-12-27,32.815041666666666,original
2011-12-28,126.00976,original
2011-12-29,185.616624,original
2011-12-30,226.77627266666667,original
2011-12-31,169.50554466666668,original
2012-01-01,83.98393530434782,original
2012-01-02,50.07354133333333,original
2012-01-03,38.22768,original
2012-01-04,33.696992,original
2012-01-05,31.537836,original
2012-01-06,29.414075999999998,original
2012-01-07,27.942192333333335,original
2012-01-08,26.832527733333333,original
2012-01-09,25.8532384,original
2012-01-10,25.850878666666667,original
2012-01-11,35.396,original
2012-01-12,82.685056,original
2012-01-13,94.294944,original
2012-01-14,92.0296,original
2012-01-15,66.54448,original
2012-01-16,43.607872,original
2012-01-17,37.08910866666667,original
2012-01-18,34.387214,original
2012-01-19,80.44330933333333,original
2012-01-20,100.12348533333333,original
2012-01-21,86.525522,original
2012-01-22,62.78070533333334,original
2012-01-23,47.82589533333333,original
2012-01-24,43.38959666666667,original
2012-01-25,57.483104,original
2012-01-26,54.07918866666667,original
2012-01-27,90.330592,original
2012-01-28,162.980882,original
2012-01-29,284.53664533333335,original
2012-01-30,315.31936666666667,original
2012-01-31,159.423584,original
2012-02-01,87.08595866666666,original
2012-02-02,69.9071,original
2012-02-03,116.17557133333332,original
2012-02-04,159.81883933333333,original
2012-02-05,124.310752,original
2012-02-06,100.241472,original
2012-02-07,96.54848933333334,original
2012-02-08,83.251392,original
2012-02-09,65.252526,original
2012-02-10,49.99685,original
2012-02-11,44.085718,original
2012-02-12,40.94727266666667,original
2012-02-13,37.80882733333333,original
2012-02-14,35.679168,original
2012-02-15,35.555282,original
2012-02-16,46.72272,original
2012-02-17,105.69245599999999,original
2012-02-18,246.35616,original
2012-02-19,271.363434,original
2012-02-20,453.0688,original
2012-02-21,741.90016,original
2012-02-22,646.50794,original
2012-02-23,395.0783533333333,original
2012-02-24,151.211712,original
2012-02-25,98.188504,original
2012-02-26,72.17834333333333,original
2012-02-27,58.615776,original
2012-02-28,52.38608,original
2012-02-29,48.828782,original
2012-03-01,46.156384,original
2012-03-02,45.53105466666667,original
2012-03-03,52.38608,original
2012-03-04,58.267715333333335,original
2012-03-05,80.58489333333334,original
2012-03-06,83.835426,original
2012-03-07,60.597952,original
2012-03-08,49.63699066666667,original
2012-03-09,42.192032,original
2012-03-10,43.06513333333333,original
2012-03-11,72.491008,original
2012-03-12,81.534686,original
2012-03-13,90.135914,original
2012-03-14,78.64401266666665,original
2012-03-15,61.028603333333336,original
2012-03-16,50.37440733333333,original
2012-03-17,43.63146933333333,original
2012-03-18,38.510848,original
2012-03-19,35.396,original
2012-03-20,33.130656,original
2012-03-21,38.22768,original
2012-03-22,89.19792,original
2012-03-23,160.644746,original
2012-03-24,232.233156,original
2012-03-25,231.54883333333333,original
2012-03-26,199.4320760888889,original
2012-03-27,105.33849599999999,original
2012-03-28,68.25528666666666,original
2012-03-29,48.421728,original
2012-03-30,42.95894533333333,original
2012-03-31,38.59343866666667,original
2012-04-01,35.112832,original
2012-04-02,33.502314,original
2012-04-03,33.66749533333333,original
2012-04-04,48.93497,original
2012-04-05,84.9504,original
2012-04-06,103.073152,original
2012-04-07,99.92880733333334,original
2012-04-08,80.419712,original
2012-04-09,54.651424,original
2012-04-10,41.342528,original
2012-04-11,35.679168,original
2012-04-12,32.281152,original
2012-04-13,30.015808,original
2012-04-14,28.3380376,original
2012-04-15,26.784743133333333,original
2012-04-16,25.777726933333334,original
2012-04-17,29.9397066,original
2012-04-18,47.943882,original
2012-04-19,76.56744733333333,original
2012-04-20,67.81283666666666,original
2012-04-21,57.943252,original
2012-04-22,43.95003333333333,original
2012-04-23,34.69987866666667,original
2012-04-24,30.14559333333333,original
2012-04-25,27.4832242,original
2012-04-26,25.791885333333333,original
2012-04-27,24.537687066666667,original
2012-04-28,23.592613866666664,original
2012-04-29,22.65344,original
2012-04-30,22.2658538,original
2012-05-01,21.577401599999998,original
2012-05-02,21.4075008,original
2012-05-03,25.3152192,original
2012-05-04,25.683337599999998,original
2012-05-05,23.446310399999998,original
2012-05-06,22.087104,original
2012-05-07,21.543185466666664,original
2012-05-08,21.685949333333333,original
2012-05-09,24.210864,original
2012-05-10,23.927696,original
2012-05-11,22.5684896,original
2012-05-12,21.9950744,original
2012-05-13,22.831009933333334,original
2012-05-14,22.2570048,original
2012-05-15,20.926115199999998,original
2012-05-16,20.3314624,original
2012-05-17,19.9067104,original
2012-05-18,19.3120576,original
2012-05-19,18.7457216,original
2012-05-20,18.2077024,original
2012-05-21,17.9528512,original
2012-05-22,17.6696832,original
2012-05-23,17.453177666666665,original
2012-05-24,17.262039266666665,original
2012-05-25,17.565854933333334,original
2012-05-26,17.16706,original
2012-05-27,16.905719533333333,original
2012-05-28,16.605443466666664,original
2012-05-29,16.605443466666664,original
2012-05-30,16.3104768,original
2012-05-31,16.423744,original
2012-06-01,17.6413664,original
2012-06-02,18.5280362,original
2012-06-03,19.6483196,original
2012-06-04,20.274828799999998,original
2012-06-05,18.705606133333333,original
2012-06-06,17.335191,original
2012-06-07,16.751157,original
2012-06-08,17.438429333333335,original
2012-06-09,16.9334464,original
2012-06-10,20.4730464,original
2012-06-11,22.8162616,original
2012-06-12,20.4447296,original
2012-06-13,19.208819266666666,original
2012-06-14,18.3191998,original
2012-06-15,18.252537333333333,original
2012-06-16,20.671264,original
2012-06-17,19.8022922,original
2012-06-18,17.698,original
2012-06-19,16.9617632,original
2012-06-20,16.724020066666665,original
2012-06-21,16.407815799999998,original
2012-06-22,16.1087196,original
2012-06-23,15.9140416,original
2012-06-24,15.6875072,original
2012-06-25,15.600787,original
2012-06-26,15.3477056,original
2012-06-27,15.2061216,original
2012-06-28,15.007904,original
2012-06-29,14.990206,original
2012-06-30,14.8680898,original
2012-07-01,14.6521742,original
2012-07-02,14.5424466,original
2012-07-03,14.636246,original
2012-07-04,15.545923199999999,original
2012-07-05,15.715824,original
2012-07-06,16.0556256,original
2012-07-07,17.362917866666667,original
2012-07-08,17.0467136,original
2012-07-09,17.981168,original
2012-07-10,19.2271072,original
2012-07-11,20.9827488,original
2012-07-12,22.7897146,original
2012-07-13,20.4730464,original
2012-07-14,21.281845,original
2012-07-15,25.060368,original
2012-07-16,23.3896768,original
2012-07-17,23.8427456,original
2012-07-18,22.8516576,original
2012-07-19,24.4090816,original
2012-07-20,33.130656,original
2012-07-21,50.02044733333333,original
2012-07-22,71.641504,original
2012-07-23,57.376916,original
2012-07-24,40.209856,original
2012-07-25,40.209856,original
2012-07-26,33.98016,original
2012-07-27,29.14211673333333,original
2012-07-28,25.2869024,original
2012-07-29,24.210864,original
2012-07-30,24.927633,original
2012-07-31,24.4090816,original
2012-08-01,24.465715199999998,original
2012-08-02,22.5614104,original
2012-08-03,21.0676992,original
2012-08-04,20.812848,original
2012-08-05,20.104928,original
2012-08-06,21.0110656,original
2012-08-07,22.087104,original
2012-08-08,22.3419552,original
2012-08-09,21.577401599999998,original
2012-08-10,24.2958144,original
2012-08-11,27.609469933333333,original
2012-08-12,26.6461088,original
2012-08-13,23.644528,original
2012-08-14,21.8322528,original
2012-08-15,22.2853216,original
2012-08-16,20.3597792,original
2012-08-17,19.395828133333335,original
2012-08-18,19.3686912,original
2012-08-19,20.6995808,original
2012-08-20,21.284204733333333,original
2012-08-21,21.395702133333334,original
2012-08-22,29.7291004,original
2012-08-23,28.033632,original
2012-08-24,23.0215584,original
2012-08-25,21.235240266666665,original
2012-08-26,21.6057184,original
2012-08-27,20.560356533333334,original
2012-08-28,19.1987904,original
2012-08-29,28.0053152,original
2012-08-30,168.48496,original
2012-08-31,416.25696,original
2012-09-01,1401.6816,original
2012-09-02,1115.68192,interpolated
2012-09-03,829.68224,interpolated
2012-09-04,543.68256,original
2012-09-05,403.03996940350874,interpolated
2012-09-06,262.39737880701756,interpolated
2012-09-07,121.75478821052631,original
2012-09-08,90.861532,original
2012-09-09,74.809446,original
2012-09-10,65.730372,original
2012-09-11,59.53017266666666,original
2012-09-12,53.80192,original
2012-09-13,51.23571,original
2012-09-14,49.271232,original
2012-09-15,47.395244,original
2012-09-16,45.21839,original
2012-09-17,43.91463733333333,original
2012-09-18,56.6336,original
2012-09-19,56.067264,original
2012-09-20,49.837568,original
2012-09-21,45.73753133333333,original
2012-09-22,42.192032,original
2012-09-23,40.35733933333333,original
2012-09-24,38.36336466666667,original
2012-09-25,36.882632,original
2012-09-26,35.761758666666665,original
2012-09-27,34.794268,original
2012-09-28,35.112832,original
2012-09-29,48.704896,original
2012-09-30,206.057814,original
2012-10-01,285.99968,original
2012-10-02,257.966048,original
2012-10-03,265.611584,original
2012-10-04,248.338336,original
2012-10-05,159.77164466666667,original
2012-10-06,80.99194733333334,original
2012-10-07,54.934592,original
2012-10-08,47.601720666666665,original
2012-10-09,39.926688,original
2012-10-10,35.962336,original
2012-10-11,33.696992,original
2012-10-12,31.714816,original
2012-10-13,30.298976,original
2012-10-14,29.431774,original
2012-10-15,28.316210066666667,original
2012-10-16,27.1274944,original
2012-10-17,26.3629408,original
2012-10-18,30.015808,original
2012-10-19,31.431648,original
2012-10-20,32.56432,original
2012-10-21,29.166304,original
2012-10-22,26.6461088,original
2012-10-23,25.567710666666667,original
2012-10-24,24.465715199999998,original
2012-10-25,24.033884,original
2012-10-26,23.5666568,original
2012-10-27,22.8233408,original
2012-10-28,22.378531066666664,original
2012-10-29,21.8888864,original
2012-10-30,21.577401599999998,original
2012-10-31,21.2942336,original
2012-11-01,21.1809664,original
2012-11-02,21.1243328,original
2012-11-03,21.1243328,original
2012-11-04,21.9172032,original
2012-11-05,23.3383526,original
2012-11-06,24.813185933333333,original
2012-11-07,23.4179936,original
2012-11-08,22.485898933333335,original
2012-11-09,21.3225504,original
2012-11-10,21.0110656,original
2012-11-11,20.6429472,original
2012-11-12,21.135541533333335,original
2012-11-13,23.9843296,original
2012-11-14,24.210864,original
2012-11-15,24.9471008,original
2012-11-16,25.3718528,original
2012-11-17,23.572556133333332,original
2012-11-18,21.7756192,original
2012-11-19,20.9827488,original
2012-11-20,20.6429472,original
2012-11-21,20.3597792,original
2012-11-22,20.205216666666665,original
2012-11-23,19.9067104,original
2012-11-24,19.7403492,original
2012-11-25,19.5102752,original
2012-11-26,19.376950266666665,original
2012-11-27,19.776925066666664,original
2012-11-28,23.1348256,original
2012-11-29,24.9754176,original
2012-11-30,23.774313333333335,original
2012-12-01,24.1542304,original
2012-12-02,23.109458466666666,original
2012-12-03,21.4641344,original
2012-12-04,20.7562144,original
2012-12-05,22.268213533333334,original
2012-12-06,29.09256233333333,original
2012-12-07,30.865312,original
2012-12-08,28.0619488,original
2012-12-09,25.768288,original
2012-12-10,25.5134368,original
2012-12-11,35.112832,original
2012-12-12,47.855392,original
2012-12-13,45.023711999999996,original
2012-12-14,40.39273533333333,original
2012-12-15,31.714816,original
2012-12-16,29.16689393333333,original
2012-12-17,28.7804876,original
2012-12-18,77.8712,original
2012-12-19,85.91789066666666,original
2012-12-20,71.51171866666667,original
2012-12-21,58.04944,original
2012-12-22,51.819744,original
2012-12-23,46.22127666666667,original
2012-12-24,40.493024,original
2012-12-25,39.926688,original
2012-12-26,52.38608,original
2012-12-27,76.64413866666666,original
2012-12-28,88.914752,original
2012-12-29,98.25929599999999,original
2012-12-30,195.38592,original
2012-12-31,297.3264,original
2013-01-01,326.58709333333337,original
2013-01-02,276.0888,original
2013-01-03,190.182708,original
2013-01-04,151.866538,original
2013-01-05,132.61701333333332,original
2013-01-06,122.38756933333332,original
2013-01-07,100.97888866666666,original
2013-01-08,79.28704,original
2013-01-09,101.94048,original
2013-01-10,219.738368,original
2013-01-11,397.91593266666666,original
2013-01-12,716.41504,original
2013-01-13,603.14784,original
2013-01-14,509.9973666666667,original
2013-01-15,467.2272,original
2013-01-16,591.2311866666666,original
2013-01-17,591.82112,original
2013-01-18,467.2272,original
2013-01-19,368.94430666666665,original
2013-01-20,264.9272613333333,original
2013-01-21,179.44592133333333,original
2013-01-22,119.001352,original
2013-01-23,95.59279733333334,original
2013-01-24,82.59066666666666,original
2013-01-25,74.98052666666666,original
2013-01-26,69.62983133333334,original
2013-01-27,64.279136,original
2013-01-28,61.943,original
2013-01-29,59.305998,original
2013-01-30,58.533185333333336,original
2013-01-31,97.409792,original
2013-02-01,112.41179666666666,original
2013-02-02,94.294944,original
2013-02-03,76.738528,original
2013-02-04,62.580128,original
2013-02-05,57.40641266666667,original
2013-02-06,53.51285266666667,original
2013-02-07,55.78999533333333,original
2013-02-08,89.19792,original
2013-02-09,96.27712,original
2013-02-10,87.95316066666666,original
2013-02-11,82.11872,original
2013-02-12,122.46426066666668,original
2013-02-13,267.24569933333333,original
2013-02-14,543.3285999999999,original
2013-02-15,647.39284,original
2013-02-16,424.752,original
2013-02-17,287.94056066666667,original
2013-02-18,135.35430399999998,original
2013-02-19,108.96068666666666,original
2013-02-20,111.89855466666666,original
2013-02-21,118.60019733333333,original
2013-02-22,115.06059733333333,original
2013-02-23,129.124608,original
2013-02-24,194.25324799999999,original
2013-02-25,229.69054333333332,original
2013-02-26,260.974708,original
2013-02-27,273.25712,original
2013-02-28,211.5500933333333,original
2013-03-01,122.328576,original
2013-03-02,101.66321133333334,original
2013-03-03,84.31917133333333,original
2013-03-04,75.057218,original
2013-03-05,69.28177066666666,original
2013-03-06,64.77468,original
2013-03-07,58.898944,original
2013-03-08,56.02006933333333,original
2013-03-09,52.72949651063829,original
2013-03-10,50.06174266666667,original
2013-03-11,49.67238666666667,original
2013-03-12,61.164288,original
2013-03-13,85.52263533333334,original
2013-03-14,105.019932,original
2013-03-15,109.586016,original
2013-03-16,84.667232,original
2013-03-17,64.24963933333333,original
2013-03-18,53.235583999999996,original
2013-03-19,50.07354133333333,original
2013-03-20,47.005888,original
2013-03-21,46.19178,original
2013-03-22,43.89104,original
2013-03-23,42.4752,original
2013-03-24,41.625696,original
2013-03-25,40.98266866666667,original
2013-03-26,39.64352,original
2013-03-27,38.510848,original
2013-03-28,37.944511999999996,original
2013-03-29,37.095008,original
2013-03-30,36.528672,original
2013-03-31,36.245504,original
2013-04-01,38.510848,original
2013-04-02,39.360352,original
2013-04-03,43.324704,original
2013-04-04,57.76037266666667,original
2013-04-05,61.417959333333336,original
2013-04-06,53.65443666666667,original
2013-04-07,53.44206066666667,original
2013-04-08,47.54272733333333,original
2013-04-09,41.625696,original
2013-04-10,39.64352,original
2013-04-11,39.926688,original
2013-04-12,56.32093533333333,original
2013-04-13,71.075168,original
2013-04-14,62.69811466666666,original
2013-04-15,107.94600133333334,original
2013-04-16,198.465372,original
2013-04-17,174.927032,original
2013-04-18,114.35857666666666,original
2013-04-19,82.242606,original
2013-04-20,73.62957933333334,original
2013-04-21,63.146464,original
2013-04-22,54.934592,original
2013-04-23,49.5544,original
2013-04-24,46.262572,original
2013-04-25,47.91438533333333,original
2013-04-26,56.350432,original
2013-04-27,55.84308933333333,original
2013-04-28,54.155879999999996,original
2013-04-29,49.37742,original
2013-04-30,47.76100266666667,original
2013-05-01,44.55176533333333,original
2013-05-02,45.04141,original
2013-05-03,51.50707933333333,original
2013-05-04,55.80769333333333,original
2013-05-05,52.102911999999996,original
2013-05-06,46.775814,original
2013-05-07,44.563564,original
2013-05-08,40.79978933333333,original
2013-05-09,37.63184733333333,original
2013-05-10,40.811588,original
2013-05-11,88.21273133333334,original
2013-05-12,125.284142,original
2013-05-13,127.35480799999999,original
2013-05-14,108.73061266666666,original
2013-05-15,80.19553733333333,original
2013-05-16,57.53029866666667,original
2013-05-17,47.289056,original
2013-05-18,44.26859733333333,original
2013-05-19,40.776192,original
2013-05-20,37.661344,original
2013-05-21,35.112832,original
2013-05-22,35.396,original
2013-05-23,44.30399333333333,original
2013-05-24,49.5544,original
2013-05-25,46.156384,original
2013-05-26,42.13303866666667,original
2013-05-27,35.679168,original
2013-05-28,33.77958266666667,original
2013-05-29,32.29295066666667,original
2013-05-30,31.254668,original
2013-05-31,30.865312,original
2013-06-01,30.298976,original
2013-06-02,30.121996,original
2013-06-03,33.696992,original
2013-06-04,34.82376466666667,original
2013-06-05,36.982920666666665,original
2013-06-06,37.095008,original
2013-06-07,32.847488,original
2013-06-08,31.077688,original
2013-06-09,30.07480133333333,original
2013-06-10,32.93007866666667,original
2013-06-11,31.19567466666667,original
2013-06-12,29.431774,original
2013-06-13,27.9486816,original
2013-06-14,27.1558112,original
2013-06-15,26.4195744,original
2013-06-16,25.9470378,original
2013-06-17,25.5983872,original
2013-06-18,25.453853533333334,original
2013-06-19,25.641452333333334,original
2013-06-20,31.431648,original
2013-06-21,32.847488,original
2013-06-22,30.582144,original
2013-06-23,28.792763234042553,original
2013-06-24,28.0442508,original
2013-06-25,26.9292768,original
2013-06-26,28.175216,original
2013-06-27,28.732703,original
2013-06-28,26.468538866666666,original
2013-06-29,27.6584344,original
2013-06-30,32.56432,original
2013-07-01,29.33384506666667,original
2013-07-02,26.473258333333334,original
2013-07-03,24.7772,original
2013-07-04,24.1259136,original
2013-07-05,24.4373984,original
2013-07-06,27.933343333333333,original
2013-07-07,29.73264,original
2013-07-08,33.413824,original
2013-07-09,35.278013333333334,original
2013-07-10,30.81811733333333,original
2013-07-11,27.384705333333333,original
2013-07-12,33.696992,original
2013-07-13,40.85878266666667,original
2013-07-14,36.34190161702127,original
2013-07-15,30.298976,original
2013-07-16,30.051204,original
2013-07-17,30.23998266666667,original
2013-07-18,28.1185824,original
2013-07-19,26.8779526,original
2013-07-20,26.0886218,original
2013-07-21,25.4284864,original
2013-07-22,27.029565466666664,original
2013-07-23,27.7557734,original
2013-07-24,27.0708608,original
2013-07-25,25.5417536,original
2013-07-26,25.1453184,original
2013-07-27,24.708767733333335,original
2013-07-28,24.9471008,original
2013-07-29,25.7966048,original
2013-07-30,25.411378333333335,original
2013-07-31,24.352448,original
2013-08-01,24.801299404255317,original
2013-08-02,24.715846933333335,original
2013-08-03,24.1064458,original
2013-08-04,23.2038478,original
2013-08-05,23.078781933333335,original
2013-08-06,22.4269056,original
2013-08-07,22.0304704,original
2013-08-08,21.6906688,original
2013-08-09,21.577401599999998,original
2013-08-10,22.087104,original
2013-08-11,23.6728448,original
2013-08-12,23.6728448,original
2013-08-13,27.3823456,original
2013-08-14,38.510848,original
2013-08-15,74.90973466666667,original
2013-08-16,93.02658733333334,original
2013-08-17,68.26708533333334,original
2013-08-18,79.73538933333333,original
2013-08-19,103.13804466666666,original
2013-08-20,71.075168,original
2013-08-21,49.837568,original
2013-08-22,46.439552,original
2013-08-23,43.607872,original
2013-08-24,36.81184,original
2013-08-25,32.29885,original
2013-08-26,29.73264,original
2013-08-27,28.3168,original
2013-08-28,27.449597999999998,original
2013-08-29,26.360581066666665,original
2013-08-30,25.572430133333334,original
2013-08-31,24.877488666666665,original
2013-09-01,24.370735933333336,original
2013-09-02,23.885810733333333,original
2013-09-03,23.446310399999998,original
2013-09-04,23.1914592,original
2013-09-05,23.4746272,original
2013-09-06,23.5878944,original
2013-09-07,23.7011616,original
2013-09-08,23.1914592,original
2013-09-09,22.7649374,original
2013-09-10,22.238126933333334,original
2013-09-11,21.792137333333333,original
2013-09-12,21.4641344,original
2013-09-13,21.2376,original
2013-09-14,21.224621466666665,original
2013-09-15,21.803936,original
2013-09-16,21.096016,original
2013-09-17,20.7845312,original
2013-09-18,20.6305586,original
2013-09-19,20.7845312,original
2013-09-20,21.467674,original
2013-09-21,23.0463356,original
2013-09-22,40.9779492,original
2013-09-23,52.669247999999996,original
2013-09-24,46.35696133333333,original
2013-09-25,39.40164733333333,original
2013-09-26,30.865312,original
2013-09-27,29.172203333333332,original
2013-09-28,32.25165533333333,original
2013-09-29,28.1468992,original
2013-09-30,26.069154,original
2013-10-01,24.709357666666666,original
2013-10-02,24.114704866666667,original
2013-10-03,23.8091194,original
2013-10-04,23.502944,original
2013-10-05,23.4179936,original
2013-10-06,23.006220133333333,original
2013-10-07,22.5968064,original
2013-10-08,22.228688,original
2013-10-09,22.374401533333334,original
2013-10-10,26.054405666666664,original
2013-10-11,24.5878314,original
2013-10-12,23.015069133333334,original
2013-10-13,22.2003712,original
2013-10-14,21.7473024,original
2013-10-15,21.4782928,original
2013-10-16,21.222851666666664,original
2013-10-17,21.100145533333333,original
2013-10-18,21.100145533333333,original
2013-10-19,21.8322528,original
2013-10-20,22.638101733333333,original
2013-10-21,23.210926999999998,original
2013-10-22,22.350214266666665,original
2013-10-23,21.8888864,original
2013-10-24,21.4358176,original
2013-10-25,20.978619266666666,original
2013-10-26,20.789840599999998,original
2013-10-27,20.581493719148934,original
2013-10-28,20.5686156,original
2013-10-29,20.6340982,original
2013-10-30,20.6146304,original
2013-10-31,20.5615364,original
2013-11-01,21.393932333333336,original
2013-11-02,23.1914592,original
2013-11-03,23.446310399999998,original
2013-11-04,26.759376,original
2013-11-05,24.4373984,original
2013-11-06,22.6251232,original
2013-11-07,22.863456266666667,original
2013-11-08,28.232439533333334,original
2013-11-09,26.309256866666665,original
2013-11-10,23.219776,original
2013-11-11,22.53354546382979,original
2013-11-12,21.872368266666665,original
2013-11-13,21.4021914,original
2013-11-14,21.1721174,original
2013-11-15,21.096016,original
2013-11-16,21.520768,original
2013-11-17,22.0304704,original
2013-11-18,23.219776,original
2013-11-19,23.8427456,original
2013-11-20,22.4835392,original
2013-11-21,21.793907133333335,original
2013-11-22,21.860569599999998,original
2013-11-23,21.934072782978724,original
2013-11-24,22.002743533333334,original
2013-11-25,22.017491866666667,original
2013-11-26,23.402655333333335,original
2013-11-27,27.528059133333333,original
2013-11-28,31.056142608695648,original
2013-11-29,39.11847933333333,original
2013-11-30,40.209856,original
2013-12-01,31.714816,original
2013-12-02,28.411779266666667,original
2013-12-03,26.288019266666666,original
2013-12-04,25.248556733333334,original
2013-12-05,24.3241312,original
2013-12-06,23.786112,original
2013-12-07,23.6162112,original
2013-12-08,23.8710624,original
2013-12-09,30.298976,original
2013-12-10,60.07291133333334,original
2013-12-11,91.02671333333333,original
2013-12-12,87.78208,original
2013-12-13,80.03189495652174,original
2013-12-14,61.46553055319149,original
2013-12-15,45.22428933333333,original
2013-12-16,39.236466,original
2013-12-17,35.962336,original
2013-12-18,34.546496,original
2013-12-19,31.714816,original
2013-12-20,29.73264,original
2013-12-21,28.599968,original
2013-12-22,28.599968,original
2013-12-23,29.750338,original
2013-12-24,33.130656,original
2013-12-25,38.794016,original
2013-12-26,36.245504,original
2013-12-27,31.431648,original
2013-12-28,30.015808,original
2013-12-29,33.130656,original
2013-12-30,35.43729533333333,original
2013-12-31,33.696992,original
2014-01-01,33.98016,original
2014-01-02,32.281152,original
2014-01-03,31.14848,original
2014-01-04,30.381566666666668,original
2014-01-05,29.166304,original
2014-01-06,28.883136,original
2014-01-07,28.288483199999998,original
2014-01-08,27.3540288,original
2014-01-09,26.955233866666664,original
2014-01-10,26.476208,original
2014-01-11,26.786512933333334,original
2014-01-12,32.440433999999996,original
2014-01-13,35.626074,original
2014-01-14,38.58753933333333,original
2014-01-15,40.28654733333333,original
2014-01-16,37.00061866666667,original
2014-01-17,36.55226933333333,original
2014-01-18,33.51411266666667,original
2014-01-19,30.747325333333333,original
2014-01-20,29.042417999999998,original
2014-01-21,27.775831133333334,original
2014-01-22,27.105666866666667,original
2014-01-23,26.1080896,original
2014-01-24,25.712834266666665,original
2014-01-25,25.614905333333333,original
2014-01-26,25.2302688,original
2014-01-27,25.1877936,original
2014-01-28,25.1170016,original
2014-01-29,25.249146666666665,original
2014-01-30,25.400169599999998,original
2014-01-31,25.0037344,original
2014-02-01,25.1453184,original
2014-02-02,25.7399712,original
2014-02-03,26.962413480851062,original
2014-02-04,30.298976,original
2014-02-05,54.934592,original
2014-02-06,94.100266,original
2014-02-07,125.726592,original
2014-02-08,104.20582399999999,original
2014-02-09,67.67715199999999,original
2014-02-10,48.704896,original
2014-02-11,45.01191333333333,original
2014-02-12,73.057344,original
2014-02-13,128.275104,original
2014-02-14,176.74402666666668,original
2014-02-15,219.85284017021277,original
2014-02-16,213.685652,original
2014-02-17,109.01968,original
2014-02-18,67.67715199999999,original
2014-02-19,52.952416,original
2014-02-20,47.749204,original
2014-02-21,58.615776,original
2014-02-22,142.433504,original
2014-02-23,262.59702466666664,original
2014-02-24,577.5447333333333,original
2014-02-25,447.3464466666666,original
2014-02-26,176.413664,original
2014-02-27,120.83014533333332,original
2014-02-28,117.797888,original
2014-03-01,113.10201866666667,original
2014-03-02,93.02068799999999,original
2014-03-03,70.243362,original
2014-03-04,59.12311866666666,original
2014-03-05,57.199936,original
2014-03-06,58.898944,original
2014-03-07,57.211985702127656,original
2014-03-08,54.81660533333333,original
2014-03-09,51.536576,original
2014-03-10,48.704896,original
2014-03-11,45.023711999999996,original
2014-03-12,42.192032,original
2014-03-13,40.209856,original
2014-03-14,38.22768,original
2014-03-15,37.095008,original
2014-03-16,36.81184,original
2014-03-17,62.56243,original
2014-03-18,103.922656,original
2014-03-19,90.00022933333334,original
2014-03-20,58.615776,original
2014-03-21,49.12374866666667,original
2014-03-22,42.87635466666667,original
2014-03-23,39.18927133333333,original
2014-03-24,38.22768,original
2014-03-25,38.510848,original
2014-03-26,37.183498,original
2014-03-27,34.829664,original
2014-03-28,39.867694666666665,original
2014-03-29,118.364224,original
2014-03-30,205.1080213333333,original
2014-03-31,288.83136,original
2014-04-01,234.89375533333336,original
2014-04-02,126.292928,original
2014-04-03,79.28704,original
2014-04-04,62.86919533333334,original
2014-04-05,55.89618333333333,original
2014-04-06,56.350432,original
2014-04-07,61.45925466666666,original
2014-04-08,122.328576,original
2014-04-09,242.391808,original
2014-04-10,320.42229,original
2014-04-11,253.43536,original
2014-04-12,163.43613480851062,original
2014-04-13,91.07980733333333,original
2014-04-14,73.35821,original
2014-04-15,85.233568,original
2014-04-16,109.302848,original
2014-04-17,115.249376,original
2014-04-18,97.976128,original
2014-04-19,78.154368,original
2014-04-20,69.659328,original
2014-04-21,65.411808,original
2014-04-22,62.99898066666666,original
2014-04-23,60.26758933333333,original
2014-04-24,56.6336,original
2014-04-25,53.731128,original
2014-04-26,49.961453999999996,original
2014-04-27,46.23307533333333,original
2014-04-28,42.50469666666667,original
2014-04-29,39.360352,original
2014-04-30,39.962084,original
2014-05-01,37.690840666666666,original
2014-05-02,33.413824,original
2014-05-03,35.65557066666667,original
2014-05-04,31.14848,original
2014-05-05,29.50846533333333,original
2014-05-06,28.175216,original
2014-05-07,27.281467,original
2014-05-08,26.712771266666664,original
2014-05-09,26.334034066666664,original
2014-05-10,47.663663666666665,original
2014-05-11,104.77216,original
2014-05-12,94.60760866666666,original
2014-05-13,70.32005333333333,original
2014-05-14,56.916768,original
2014-05-15,48.044170666666666,original
2014-05-16,41.342528,original
2014-05-17,35.396,original
2014-05-18,32.52302466666667,original
2014-05-19,29.73264,original
2014-05-20,28.3168,original
2014-05-21,27.4389792,original
2014-05-22,26.6388789787234,original
2014-05-23,25.667948034782608,original
2014-05-24,25.022612266666666,original
2014-05-25,24.2958144,original
2014-05-26,24.2958144,original
2014-05-27,27.9769984,original
2014-05-28,39.360352,original
2014-05-29,63.146464,original
2014-05-30,105.621664,original
2014-05-31,164.23744,original
2014-06-01,232.19776,original
2014-06-02,257.21093333333334,original
2014-06-03,243.807648,original
2014-06-04,180.378016,original
2014-06-05,139.035488,original
2014-06-06,112.700864,original
2014-06-07,84.0655,original
2014-06-08,58.957937333333334,original
2014-06-09,45.873216,original
2014-06-10,43.607872,original
2014-06-11,56.6336,original
2014-06-12,63.146464,original
2014-06-13,62.863296,original
2014-06-14,71.871578,original
2014-06-15,83.251392,original
2014-06-16,77.021696,original
2014-06-17,66.261312,original
2014-06-18,53.058604,original
2014-06-19,41.743682666666665,original
2014-06-20,36.87673266666667,original
2014-06-21,33.130656,original
2014-06-22,31.431648,original
2014-06-23,31.431648,original
2014-06-24,33.98016,original
2014-06-25,37.944511999999996,original
2014-06-26,40.28654733333333,original
2014-06-27,42.404408,original
2014-06-28,54.934592,original
2014-06-29,55.70150533333333,original
2014-06-30,59.134917333333334,original
2014-07-01,52.20320066666667,original
2014-07-02,42.174334,original
2014-07-03,36.69975266666667,original
2014-07-04,58.332608,original
2014-07-05,44.174208,original
2014-07-06,31.714816,original
2014-07-07,28.1468992,original
2014-07-08,26.2496736,original
2014-07-09,25.4568032,original
2014-07-10,25.1736352,original
2014-07-11,26.1364064,original
2014-07-12,30.27124913333333,original
2014-07-13,33.72058933333333,original
2014-07-14,33.130656,original
2014-07-15,30.015808,original
2014-07-16,26.3629408,original
2014-07-17,24.380764799999998,original
2014-07-18,24.299354,original
2014-07-19,31.431648,original
2014-07-20,37.661344,original
2014-07-21,45.023711999999996,original
2014-07-22,38.22768,original
2014-07-23,30.865312,original
2014-07-24,27.817126466666664,original
2014-07-25,25.578329466666666,original
2014-07-26,24.9240934,original
2014-07-27,25.3718528,original
2014-07-28,23.6020528,original
2014-07-29,22.370272,original
2014-07-30,21.8446414,original
2014-07-31,21.0323032,original
2014-08-01,20.4199524,original
2014-08-02,20.2181952,original
2014-08-03,20.158022,original
2014-08-04,20.6995808,original
2014-08-05,20.0482944,original
2014-08-06,19.9067104,original
2014-08-07,19.7704358,original
2014-08-08,19.4253248,original
2014-08-09,19.067235266666664,original
2014-08-10,21.037022666666665,original
2014-08-11,21.4995304,original
2014-08-12,26.034937866666667,original
2014-08-13,30.32316326666667,original
2014-08-14,25.002554533333335,original
2014-08-15,22.4835392,original
2014-08-16,20.6995808,original
2014-08-17,19.82176,original
2014-08-18,19.340374399999998,original
2014-08-19,19.1704736,original
2014-08-20,18.919162,original
2014-08-21,18.2926528,original
2014-08-22,17.8679008,original
2014-08-23,17.492113266666664,original
2014-08-24,17.1599808,original
2014-08-25,17.073850533333335,original
2014-08-26,17.294485599999998,original
2014-08-27,17.0183968,original
2014-08-28,16.815459733333334,original
2014-08-29,16.6573576,original
2014-08-30,16.981231,original
2014-08-31,18.734512866666666,original
2014-09-01,19.401137533333333,original
2014-09-02,19.0837534,original
2014-09-03,20.1898784,original
2014-09-04,25.032051199999998,original
2014-09-05,24.0409632,original
2014-09-06,22.999730866666667,original
2014-09-07,23.682873666666666,original
2014-09-08,24.186086799999998,original
2014-09-09,31.431648,original
2014-09-10,23.786112,original
2014-09-11,20.839984933333334,original
2014-09-12,19.4465624,original
2014-09-13,18.7174048,original
2014-09-14,18.3209696,original
2014-09-15,19.2271072,original
2014-09-16,19.7651264,original
2014-09-17,19.3686912,original
2014-09-18,21.1243328,original
2014-09-19,21.0712388,original
2014-09-20,19.1704736,original
2014-09-21,19.1421568,original
2014-09-22,19.376360333333334,original
2014-09-23,18.447215333333332,original
2014-09-24,17.4519978,original
2014-09-25,16.848496,original
2014-09-26,16.680954933333336,original
2014-09-27,16.4803776,original
2014-09-28,16.706912,original
2014-09-29,17.3298816,original
2014-09-30,17.095088133333334,original
2014-10-01,17.9245344,original
2014-10-02,17.4997824,original
2014-10-03,17.4431488,original
2014-10-04,18.6041376,original
2014-10-05,18.7174048,original
2014-10-06,17.7829504,original
2014-10-07,17.4431488,original
2014-10-08,17.127534466666667,original
2014-10-09,16.8768128,original
2014-10-10,16.735228799999998,original
2014-10-11,16.611932733333333,original
2014-10-12,16.547040066666664,original
2014-10-13,16.6785952,original
2014-10-14,18.5191872,original
2014-10-15,21.803936,original
2014-10-16,21.3508672,original
2014-10-17,20.2394328,original
2014-10-18,18.7634196,original
2014-10-19,17.749914133333334,original
2014-10-20,17.319852733333335,original
2014-10-21,16.8768128,original
2014-10-22,16.723430133333334,original
2014-10-23,16.548809866666666,original
2014-10-24,16.423744,original
2014-10-25,16.3387936,original
2014-10-26,16.291009,original
2014-10-27,16.273900933333334,original
2014-10-28,16.266821733333334,original
2014-10-29,16.1972096,original
2014-10-30,16.140576,original
2014-10-31,15.9423584,original
2014-11-01,15.8007744,original
2014-11-02,15.6591904,original
2014-11-03,15.6591904,original
2014-11-04,15.693996466666665,original
2014-11-05,15.8290912,original
2014-11-06,15.9140416,original
2014-11-07,15.998992,original
2014-11-08,16.035567866666664,original
2014-11-09,15.857408,original
2014-11-10,15.856818066666666,original
2014-11-11,15.804314,original
2014-11-12,15.796644866666666,original
2014-11-13,15.7724576,original
2014-11-14,15.8857248,original
2014-11-15,15.7724576,original
2014-11-16,15.857408,original
2014-11-17,19.680176,original
2014-11-18,25.5700704,original
2014-11-19,25.2621252,original
2014-11-20,22.1065718,original
2014-11-21,20.291346933333333,original
2014-11-22,19.033019133333333,original
2014-11-23,18.3492864,original
2014-11-24,18.2077024,original
2014-11-25,18.208292333333333,original
2014-11-26,17.830735,original
2014-11-27,17.608920066666666,original
2014-11-28,17.3015648,original
2014-11-29,17.1599808,original
2014-11-30,17.142872733333334,original
2014-12-01,17.131664,original
2014-12-02,17.103347199999998,original
2014-12-03,17.0644116,original
2014-12-04,17.1210452,original
2014-12-05,17.141692866666666,original
2014-12-06,17.131664,original
2014-12-07,17.070900866666666,original
2014-12-08,16.9617632,original
2014-12-09,16.851445666666667,original
2014-12-10,16.8201792,original
2014-12-11,16.7918624,original
2014-12-12,16.7635456,original
2014-12-13,16.7635456,original
2014-12-14,16.8201792,original
2014-12-15,16.7918624,original
2014-12-16,16.99008,original
2014-12-17,17.4024434,original
2014-12-18,17.414832,original
2014-12-19,19.0855232,original
2014-12-20,27.2973952,original
2014-12-21,31.997984,original
2014-12-22,26.9292768,original
2014-12-23,24.2674976,original
2014-12-24,39.5585696,original
2014-12-25,114.116704,original
2014-12-26,106.577356,original
2014-12-27,64.845472,original
2014-12-28,77.304864,original
2014-12-29,89.09763133333334,original
2014-12-30,73.340512,original
2014-12-31,68.526656,original
2015-01-01,58.04944,original
2015-01-02,46.62243133333333,original
2015-01-03,38.49904933333333,original
2015-01-04,39.11258,original
2015-01-05,108.170176,original
2015-01-06,152.539062,original
2015-01-07,170.484834,original
2015-01-08,122.94210666666667,original
2015-01-09,76.14859466666667,original
2015-01-10,51.17671666666667,original
2015-01-11,42.94124733333333,original
2015-01-12,38.71142533333333,original
2015-01-13,36.16881266666667,original
2015-01-14,34.38131466666667,original
2015-01-15,33.130656,original
2015-01-16,33.49051533333333,original
2015-01-17,33.98016,original
2015-01-18,32.56432,original
2015-01-19,32.00388333333333,original
2015-01-20,30.298976,original
2015-01-21,29.449472,original
2015-01-22,28.599968,original
2015-01-23,50.687072,original
2015-01-24,86.41933399999999,original
2015-01-25,113.55036799999999,original
2015-01-26,104.12913266666666,original
2015-01-27,72.20784,original
2015-01-28,55.335746666666665,original
2015-01-29,43.041536,original
2015-01-30,38.510848,original
2015-01-31,36.05672533333333,original
2015-02-01,33.86217333333333,original
2015-02-02,32.73540066666667,original
2015-02-03,32.80029333333333,original
2015-02-04,32.64101133333333,original
2015-02-05,36.245504,original
2015-02-06,35.679168,original
2015-02-07,32.847488,original
2015-02-08,31.396252,original
2015-02-09,30.0866,original
2015-02-10,29.148606,original
2015-02-11,28.0053152,original
2015-02-12,27.2407616,original
2015-02-13,26.7894626,original
2015-02-14,26.1080896,original
2015-02-15,25.7966048,original
2015-02-16,25.5983872,original
2015-02-17,26.380048866666666,original
2015-02-18,30.015808,original
2015-02-19,28.883136,original
2015-02-20,28.288483199999998,original
2015-02-21,27.5805632,original
2015-02-22,27.1558112,original
2015-02-23,28.652472066666665,original
2015-02-24,30.582144,original
2015-02-25,29.449472,original
2015-02-26,33.413824,original
2015-02-27,41.05936,original
2015-02-28,43.89104,original
2015-03-01,43.91463733333333,original
2015-03-02,43.324704,original
2015-03-03,104.20582399999999,original
2015-03-04,149.795872,original
2015-03-05,139.80830066666667,original
2015-03-06,110.22904333333334,original
2015-03-07,79.853376,original
2015-03-08,68.792126,original
2015-03-09,57.43590933333333,original
2015-03-10,48.704896,original
2015-03-11,47.572224,original
2015-03-12,54.368256,original
2015-03-13,59.46528,original
2015-03-14,72.774176,original
2015-03-15,97.69296,original
2015-03-16,106.64814799999999,original
2015-03-17,96.843456,original
2015-03-18,85.29846066666666,original
2015-03-19,56.350432,original
2015-03-20,48.28604333333333,original
2015-03-21,44.457376,original
2015-03-22,46.39235733333333,original
2015-03-23,63.03437666666666,original
2015-03-24,71.83028266666666,original
2015-03-25,64.99885466666666,original
2015-03-26,53.642638,original
2015-03-27,45.27738333333333,original
2015-03-28,43.141824666666665,original
2015-03-29,44.04442266666667,original
2015-03-30,39.64352,original
2015-03-31,36.245504,original
2015-04-01,34.192536,original
2015-04-02,32.34604466666667,original
2015-04-03,30.88338655319149,original
2015-04-04,29.73264,original
2015-04-05,29.18990133333333,original
2015-04-06,37.661344,original
2015-04-07,43.041536,original
2015-04-08,45.42486666666667,original
2015-04-09,40.46942666666667,original
2015-04-10,35.112832,original
2015-04-11,36.676155333333334,original
2015-04-12,38.22768,original
2015-04-13,44.716946666666665,original
2015-04-14,61.447456,original
2015-04-15,83.53456,original
2015-04-16,88.065248,original
2015-04-17,78.703006,original
2015-04-18,102.19415133333334,original
2015-04-19,104.87244866666666,original
2015-04-20,74.75635199999999,original
2015-04-21,63.7128,original
2015-04-22,56.81058,original
2015-04-23,44.457376,original
2015-04-24,39.72021133333333,original
2015-04-25,35.679168,original
2015-04-26,35.372402666666666,original
2015-04-27,35.03614066666667,original
2015-04-28,38.48725066666667,original
2015-04-29,42.20383066666667,original
2015-04-30,37.34278,original
2015-05-01,32.281152,original
2015-05-02,30.015808,original
2015-05-03,28.3168,original
2015-05-04,27.2973952,original
2015-05-05,26.476208,original
2015-05-06,25.8249216,original
2015-05-07,25.2869024,original
2015-05-08,24.8338336,original
2015-05-09,24.352448,original
2015-05-10,23.9560128,original
2015-05-11,23.814428799999998,original
2015-05-12,25.9665056,original
2015-05-13,30.58509366666667,original
2015-05-14,30.0866,original
2015-05-15,30.900707999999998,original
2015-05-16,50.120736,original
2015-05-17,58.615776,original
2015-05-18,49.56029933333333,original
2015-05-19,63.995968,original
2015-05-20,65.411808,original
2015-05-21,46.156384,original
2015-05-22,55.784096,original
2015-05-23,68.526656,original
2015-05-24,57.84296333333333,original
2015-05-25,42.56369,original
2015-05-26,61.85451,original
2015-05-27,95.65769,original
2015-05-28,109.62731133333334,original
2015-05-29,109.50932466666666,original
2015-05-30,94.294944,original
2015-05-31,76.119098,original
2015-06-01,83.746936,original
2015-06-02,90.02382666666666,original
2015-06-03,82.03023,original
2015-06-04,75.88902399999999,original
2015-06-05,60.881119999999996,original
2015-06-06,43.89104,original
2015-06-07,37.378175999999996,original
2015-06-08,33.696992,original
2015-06-09,32.11597066666667,original
2015-06-10,52.669247999999996,original
2015-06-11,62.249765333333336,original
2015-06-12,44.33938933333333,original
2015-06-13,39.97388266666667,original
2015-06-14,34.546496,original
2015-06-15,35.679168,original
2015-06-16,43.324704,original
2015-06-17,50.120736,original
2015-06-18,39.64352,original
2015-06-19,33.696992,original
2015-06-20,31.15437933333333,original
2015-06-21,29.166304,original
2015-06-22,27.184128,original
2015-06-23,26.476208,original
2015-06-24,26.1417158,original
2015-06-25,27.5239296,original
2015-06-26,28.243648266666664,original
2015-06-27,26.663216866666666,original
2015-06-28,30.582144,original
2015-06-29,31.885896666666667,original
2015-06-30,31.14848,original
2015-07-01,32.12776933333333,original
2015-07-02,30.529049999999998,original
2015-07-03,29.369831,original
2015-07-04,27.056112466666665,original
2015-07-05,26.041427133333332,original
2015-07-06,33.27341986666667,original
2015-07-07,51.979026,original
2015-07-08,42.758368,original
2015-07-09,34.86506,original
2015-07-10,30.06300266666667,original
2015-07-11,30.287177333333332,original
2015-07-12,26.7876928,original
2015-07-13,25.077476066666666,original
2015-07-14,23.5878944,original
2015-07-15,22.8233408,original
2015-07-16,22.332516266666666,original
2015-07-17,21.6906688,original
2015-07-18,21.343788,original
2015-07-19,21.015195133333336,original
2015-07-20,20.8765608,original
2015-07-21,21.8587998,original
2015-07-22,21.4906814,original
2015-07-23,20.6146304,original
2015-07-24,20.2181952,original
2015-07-25,19.9828118,original
2015-07-26,20.4730464,original
2015-07-27,21.564423066666667,original
2015-07-28,20.557996799999998,original
2015-07-29,20.3031456,original
2015-07-30,22.6251232,original
2015-07-31,22.1437376,original
2015-08-01,21.0676992,original
2015-08-02,20.2978362,original
2015-08-03,19.740939133333335,original
2015-08-04,19.316187133333333,original
2015-08-05,18.8873056,original
2015-08-06,18.6041376,original
2015-08-07,18.3492864,original
2015-08-08,18.122752,original
2015-08-09,18.1510688,original
2015-08-10,18.0130244,original
2015-08-11,18.0944352,original
2015-08-12,18.1032842,original
2015-08-13,18.385862266666667,original
2015-08-14,18.069068066666667,original
2015-08-15,17.766432266666666,original
2015-08-16,17.556416,original
2015-08-17,17.688561066666665,original
2015-08-18,18.3492864,original
2015-08-19,19.0288896,original
2015-08-20,19.1704736,original
2015-08-21,20.879510466666666,original
2015-08-22,24.60022,original
2015-08-23,24.8055168,original
2015-08-24,22.2570048,original
2015-08-25,20.424671866666664,original
2015-08-26,18.9439392,original
2015-08-27,18.264336,original
2015-08-28,17.8679008,original
2015-08-29,17.626618066666666,original
2015-08-30,17.386515199999998,original
2015-08-31,17.3033346,original
2015-09-01,17.1865278,original
2015-09-02,17.103347199999998,original
2015-09-03,17.1741392,original
2015-09-04,17.3581984,original
2015-09-05,17.7546336,original
2015-09-06,19.5952256,original
2015-09-07,18.7174048,original
2015-09-08,17.9086062,original
2015-09-09,17.419551466666665,original
2015-09-10,17.386515199999998,original
2015-09-11,18.706196066666664,original
2015-09-12,21.529617,original
2015-09-13,21.8322528,original
2015-09-14,19.611743733333334,original
2015-09-15,18.122752,original
2015-09-16,17.742834933333334,original
2015-09-17,17.4431488,original
2015-09-18,17.252600333333334,original
2015-09-19,17.0183968,original
2015-09-20,16.8201792,original
2015-09-21,16.8768128,original
2015-09-22,17.386515199999998,original
2015-09-23,17.5457972,original
2015-09-24,17.430760199999998,original
2015-09-25,17.096268,original
2015-09-26,16.8768128,original
2015-09-27,16.872683266666666,original
2015-09-28,17.497422666666665,original
2015-09-29,17.548746866666665,original
2015-09-30,17.414832,original
2015-10-01,17.183578133333334,original
2015-10-02,16.813689933333333,original
2015-10-03,16.518133333333335,original
2015-10-04,16.3671104,original
2015-10-05,16.452060799999998,original
2015-10-06,16.452060799999998,original
2015-10-07,16.423744,original
2015-10-08,16.3954272,original
2015-10-09,16.3104768,original
2015-10-10,16.256792866666665,original
2015-10-11,16.1547344,original
2015-10-12,16.0839424,original
2015-10-13,16.0273088,original
2015-10-14,16.0273088,original
2015-10-15,15.9140416,original
2015-10-16,15.813163,original
2015-10-17,15.7494502,original
2015-10-18,15.57424,original
2015-10-19,15.468052,original
2015-10-20,15.456843266666665,original
2015-10-21,15.5512326,original
2015-10-22,15.6875072,original
2015-10-23,15.7441408,original
2015-10-24,15.8007744,original
2015-10-25,16.848496,original
2015-10-26,36.245504,original
2015-10-27,75.605856,original
2015-10-28,101.090976,original
2015-10-29,88.348416,original
2015-10-30,88.32481866666666,original
2015-10-31,64.50331066666666,original
2015-11-01,48.05596933333333,original
2015-11-02,88.065248,original
2015-11-03,101.10277466666666,original
2015-11-04,89.19792,original
2015-11-05,68.809824,original
2015-11-06,52.82263066666667,original
2015-11-07,39.360352,original
2015-11-08,45.04730933333333,original
2015-11-09,48.16215733333333,original
2015-11-10,50.309514666666665,original
2015-11-11,51.82564333333333,original
2015-11-12,42.758368,original
2015-11-13,36.12751733333333,original
2015-11-14,31.46114466666667,original
2015-11-15,28.894344733333334,original
2015-11-16,26.9575936,original
2015-11-17,25.8815552,original
2015-11-18,30.61164066666667,original
2015-11-19,90.13001466666667,original
2015-11-20,161.76561933333332,original
2015-11-21,207.845312,original
2015-11-22,199.63344,original
2015-11-23,113.55036799999999,original
2015-11-24,62.29696,original
2015-11-25,46.156384,original
2015-11-26,41.377924,original
2015-11-27,36.81184,original
2015-11-28,34.263328,original
2015-11-29,32.281152,original
2015-11-30,31.14848,original
2015-12-01,30.298976,original
2015-12-02,30.298976,original
2015-12-03,30.298976,original
2015-12-04,30.18098933333333,original
2015-12-05,32.281152,original
2015-12-06,31.514238666666667,original
2015-12-07,29.478968666666667,original
2015-12-08,28.285533533333336,original
2015-12-09,27.4655262,original
2015-12-10,26.8443264,original
2015-12-11,26.4478912,original
2015-12-12,26.112809066666664,original
2015-12-13,25.5983872,original
2015-12-14,27.184128,original
2015-12-15,31.714816,original
2015-12-16,32.56432,original
2015-12-17,41.10655466666667,original
2015-12-18,48.421728,original
2015-12-19,39.79100333333333,original
2015-12-20,37.979908,original
2015-12-21,35.519886,original
2015-12-22,40.192158,original
2015-12-23,69.659328,original
2015-12-24,112.134528,original
2015-12-25,124.877088,original
2015-12-26,121.85662933333332,original
2015-12-27,99.675136,original
2015-12-28,88.914752,original
2015-12-29,96.560288,original
2015-12-30,109.01968,original
2015-12-31,123.17808,original
2016-01-01,124.77679933333333,original
2016-01-02,88.348416,original
2016-01-03,66.87484266666667,original
2016-01-04,53.08220133333333,original
2016-01-05,46.30386733333333,original
2016-01-06,41.05936,original
2016-01-07,38.510848,original
2016-01-08,37.38997466666667,original
2016-01-09,36.45198066666667,original
2016-01-10,37.47256533333333,original
2016-01-11,39.64352,original
2016-01-12,39.40164733333333,original
2016-01-13,38.900204,original
2016-01-14,35.112832,original
2016-01-15,36.505074666666665,original
2016-01-16,41.908864,original
2016-01-17,38.22768,original
2016-01-18,34.546496,original
2016-01-19,32.281152,original
2016-01-20,31.360856,original
2016-01-21,30.58804333333333,original
2016-01-22,40.776192,original
2016-01-23,58.48599066666666,original
2016-01-24,56.344532666666666,original
2016-01-25,50.120736,original
2016-01-26,44.174208,original
2016-01-27,63.995968,original
2016-01-28,110.43552,original
2016-01-29,113.2672,original
2016-01-30,93.728608,original
2016-01-31,63.995968,original
2016-02-01,50.120736,original
2016-02-02,44.174208,original
2016-02-03,48.988064,original
2016-02-04,100.807808,original
2016-02-05,149.58939533333333,original
2016-02-06,218.88886399999998,original
2016-02-07,221.685148,original
2016-02-08,129.690944,original
2016-02-09,72.03675933333334,original
2016-02-10,55.29445133333333,original
2016-02-11,50.687072,original
2016-02-12,50.687072,original
2016-02-13,48.988064,original
2016-02-14,46.156384,original
2016-02-15,43.89104,original
2016-02-16,50.97024,original
2016-02-17,61.730624,original
2016-02-18,66.01943933333334,original
2016-02-19,72.43201466666666,original
2016-02-20,61.730624,original
2016-02-21,46.156384,original
2016-02-22,40.493024,original
2016-02-23,62.863296,original
2016-02-24,153.7720226666667,original
2016-02-25,226.959152,original
2016-02-26,225.89137266666668,original
2016-02-27,160.007618,original
2016-02-28,102.223648,original
2016-02-29,68.526656,original
2016-03-01,54.651424,original
2016-03-02,49.837568,original
2016-03-03,47.17106933333333,original
2016-03-04,43.324704,original
2016-03-05,41.625696,original
2016-03-06,40.59331266666667,original
2016-03-07,37.661344,original
2016-03-08,36.115718666666666,original
2016-03-09,34.80016733333333,original
2016-03-10,35.112832,original
2016-03-11,133.62579933333333,original
2016-03-12,1335.66806,original
2016-03-13,2226.23142,original
2016-03-14,1501.14436,original
2016-03-15,802.0143666666667,original
2016-03-16,399.26688,original
2016-03-17,258.76835733333337,original
2016-03-18,150.19112733333333,original
2016-03-19,157.85436133333332,original
2016-03-20,187.55750466666666,original
2016-03-21,191.49236,original
2016-03-22,187.262538,original
2016-03-23,159.529772,original
2016-03-24,113.33209266666665,original
2016-03-25,92.21837866666667,original
2016-03-26,80.986048,original
2016-03-27,78.437536,original
2016-03-28,93.551628,original
2016-03-29,124.59392,original
2016-03-30,100.807808,original
2016-03-31,81.994834,original
2016-04-01,77.91249533333334,original
2016-04-02,109.869184,original
2016-04-03,112.984032,original
2016-04-04,90.896928,original
2016-04-05,72.44971266666666,original
2016-04-06,61.659832,original
2016-04-07,56.167552666666666,original
2016-04-08,51.819744,original
2016-04-09,48.704896,original
2016-04-10,46.156384,original
2016-04-11,44.669752,original
2016-04-12,46.439552,original
2016-04-13,58.898944,original
2016-04-14,83.53456,original
2016-04-15,97.480584,original
2016-04-16,94.294944,original
2016-04-17,89.19202066666666,original
2016-04-18,82.85023733333334,original
2016-04-19,66.16692266666666,original
2016-04-20,52.669247999999996,original
2016-04-21,47.572224,original
2016-04-22,45.253786,original
2016-04-23,46.10329,original
2016-04-24,48.350936,original
2016-04-25,47.855392,original
2016-04-26,42.192032,original
2016-04-27,39.077184,original
2016-04-28,41.342528,original
2016-04-29,44.976517333333334,original
2016-04-30,40.98266866666667,original
2016-05-01,60.397374666666664,original
2016-05-02,98.25929599999999,original
2016-05-03,84.35456733333334,original
2016-05-04,59.748447999999996,original
2016-05-05,51.18851533333333,original
2016-05-06,42.77016666666667,original
2016-05-07,38.162787333333334,original
2016-05-08,35.48449,original
2016-05-09,33.413824,original
2016-05-10,32.56432,original
2016-05-11,32.05697733333333,original
2016-05-12,31.360856,original
2016-05-13,30.54084866666667,original
2016-05-14,29.73264,original
2016-05-15,28.883136,original
2016-05-16,28.599968,original
2016-05-17,29.73264,original
2016-05-18,34.829664,original
2016-05-19,36.723349999999996,original
2016-05-20,36.26910133333333,original
2016-05-21,50.78146133333333,original
2016-05-22,49.43641333333333,original
2016-05-23,37.40767266666667,original
2016-05-24,31.997984,original
2016-05-25,30.670634,original
2016-05-26,29.166304,original
2016-05-27,28.756300333333336,original
2016-05-28,28.305591266666664,original
2016-05-29,28.3168,original
2016-05-30,27.8354144,original
2016-05-31,27.920364799999998,original
2016-06-01,27.920364799999998,original
2016-06-02,29.359212199999998,original
2016-06-03,28.744501666666665,original
2016-06-04,31.431648,original
2016-06-05,51.253408,original
2016-06-06,46.156384,original
2016-06-07,40.92957466666667,original
2016-06-08,35.372402666666666,original
2016-06-09,30.865312,original
2016-06-10,29.66774733333333,original
2016-06-11,28.58227,original
2016-06-12,29.73264,original
2016-06-13,29.449472,original
2016-06-14,31.14848,original
2016-06-15,32.7413,original
2016-06-16,30.298976,original
2016-06-17,28.762789599999998,original
2016-06-18,27.625988066666665,original
2016-06-19,27.2124448,original
2016-06-20,28.937409866666666,original
2016-06-21,31.661722,original
2016-06-22,30.582144,original
2016-06-23,28.883136,original
2016-06-24,27.638376666666666,original
2016-06-25,26.854355266666666,original
2016-06-26,26.3841784,original
2016-06-27,25.990102933333333,original
2016-06-28,28.883136,original
2016-06-29,38.174586,original
2016-06-30,52.952416,original
2016-07-01,41.13605133333333,original
2016-07-02,32.847488,original
2016-07-03,30.222284666666667,original
2016-07-04,28.1468992,original
2016-07-05,27.60888,original
2016-07-06,27.450187933333336,original
2016-07-07,27.1558112,original
2016-07-08,27.60888,original
2016-07-09,26.8443264,original
2016-07-10,26.397746866666665,original
2016-07-11,26.8160096,original
2016-07-12,26.382408599999998,original
2016-07-13,25.9948224,original
2016-07-14,25.9948224,original
2016-07-15,28.599968,original
2016-07-16,43.324704,original
2016-07-17,41.342528,original
2016-07-18,35.767658,original
2016-07-19,30.582144,original
2016-07-20,28.883136,original
2016-07-21,27.920364799999998,original
2016-07-22,27.4124322,original
2016-07-23,27.184128,original
2016-07-24,27.452233872340425,original
2016-07-25,29.166304,original
2016-07-26,35.148227999999996,original
2016-07-27,35.785356,original
2016-07-28,47.005888,original
2016-07-29,39.077184,original
2016-07-30,38.71732466666667,original
2016-07-31,36.30449733333333,original
2016-08-01,33.236844,original
2016-08-02,33.059864,original
2016-08-03,31.891796,original
2016-08-04,32.104172,original
2016-08-05,31.113084,original
2016-08-06,37.378175999999996,original
2016-08-07,35.24261733333333,original
2016-08-08,33.378428,original
2016-08-09,36.81184,original
2016-08-10,33.98016,original
2016-08-11,33.130656,original
2016-08-12,59.72485066666666,original
2016-08-13,261.257876,original
2016-08-14,1019.4048,original
2016-08-15,436.07872,original
2016-08-16,252.36168133333334,original
2016-08-17,116.948384,original
2016-08-18,91.18009599999999,original
2016-08-19,79.003872,original
2016-08-20,69.659328,original
2016-08-21,67.08131933333334,original
2016-08-22,63.146464,original
2016-08-23,63.040276,original
2016-08-24,58.78685666666666,original
2016-08-25,54.651424,original
2016-08-26,50.26232,original
2016-08-27,46.52214266666667,original
2016-08-28,42.540092666666666,original
2016-08-29,40.89417866666667,original
2016-08-30,37.378175999999996,original
2016-08-31,35.372402666666666,original
2016-09-01,32.847488,original
2016-09-02,31.14848,original
2016-09-03,30.26358,original
2016-09-04,30.015808,original
2016-09-05,34.14534133333333,original
2016-09-06,44.050322,original
2016-09-07,48.46892266666667,original
2016-09-08,37.91501533333333,original
2016-09-09,31.997984,original
2016-09-10,32.25755466666667,original
2016-09-11,33.77958266666667,original
2016-09-12,33.75598533333333,original
2016-09-13,50.403904,original
2016-09-14,41.66699133333333,original
2016-09-15,42.96484466666667,original
2016-09-16,36.19241,original
2016-09-17,35.396,original
2016-09-18,38.41055933333333,original
2016-09-19,50.138434,original
2016-09-20,37.378175999999996,original
2016-09-21,32.847488,original
2016-09-22,30.812217999999998,original
2016-09-23,28.883136,original
2016-09-24,28.115632733333335,original
2016-09-25,27.319812666666664,original
2016-09-26,26.7169008,original
2016-09-27,26.5753168,original
2016-09-28,26.7894626,original
2016-09-29,25.9665056,original
2016-09-30,25.400169599999998,original
2016-10-01,25.0037344,original
2016-10-02,24.8338336,original
2016-10-03,24.765401333333333,original
2016-10-04,24.679861,original
2016-10-05,24.515859533333334,original
2016-10-06,24.349498333333333,original
2016-10-07,24.1259136,original
2016-10-08,24.007337,original
2016-10-09,23.807939533333332,original
2016-10-10,23.601462866666665,original
2016-10-11,23.529491,original
2016-10-12,23.538929933333335,original
2016-10-13,23.508843333333335,original
2016-10-14,23.517692333333333,original
2016-10-15,23.502944,original
2016-10-16,23.4746272,original
2016-10-17,23.4923252,original
2016-10-18,23.5878944,original
2016-10-19,23.7011616,original
2016-10-20,23.684053533333334,original
2016-10-21,23.4179936,original
2016-10-22,23.3330432,original
2016-10-23,23.3383526,original
2016-10-24,23.3330432,original
2016-10-25,23.3896768,original
2016-10-26,23.426252666666667,original
2016-10-27,23.4179936,original
2016-10-28,23.445130533333334,original
2016-10-29,23.5312608,original
2016-10-30,23.446310399999998,original
2016-10-31,23.392036533333336,original
2016-11-01,23.36136,original
2016-11-02,23.3489714,original
2016-11-03,23.390856666666664,original
2016-11-04,23.422713066666667,original
2016-11-05,23.4622386,original
2016-11-06,23.394986199999998,original
2016-11-07,23.36136,original
2016-11-08,24.158359933333333,original
2016-11-09,25.965915666666664,original
2016-11-10,26.2213568,original
2016-11-11,25.6019268,original
2016-11-12,25.2780534,original
2016-11-13,25.033821,original
2016-11-14,24.7736604,original
2016-11-15,24.677501266666667,original
2016-11-16,24.6426952,original
2016-11-17,24.583111933333335,original
2016-11-18,24.472794399999998,original
2016-11-19,24.2621882,original
2016-11-20,24.1967056,original
2016-11-21,23.967811466666664,original
2016-11-22,24.0126464,original
2016-11-23,24.1542304,original
2016-11-24,24.3241312,original
2016-11-25,24.3860742,original
2016-11-26,24.352448,original
2016-11-27,24.284605666666664,original
2016-11-28,24.1878566,original
2016-11-29,24.538277,original
2016-11-30,26.6054034,original
2016-12-01,29.77983466666667,original
2016-12-02,34.263328,original
2016-12-03,35.679168,original
2016-12-04,32.281152,original
2016-12-05,31.213372666666668,original
2016-12-06,37.944511999999996,original
2016-12-07,37.84422333333333,original
2016-12-08,37.661344,original
2016-12-09,36.90622933333333,original
2016-12-10,32.865186,original
2016-12-11,29.95681466666667,original
2016-12-12,28.288483199999998,original
2016-12-13,28.1858348,original
2016-12-14,33.70289133333333,original
2016-12-15,42.192032,original
2016-12-16,43.324704,original
2016-12-17,46.156384,original
2016-12-18,40.493024,original
2016-12-19,36.81184,original
2016-12-20,36.245504,original
2016-12-21,33.130656,original
2016-12-22,31.431648,original
2016-12-23,30.582144,original
2016-12-24,29.73264,original
2016-12-25,29.166304,original
2016-12-26,28.883136,original
2016-12-27,28.5220968,original
2016-12-28,28.653651933333332,original
2016-12-29,28.599968,original
2016-12-30,27.956940666666664,original
2016-12-31,27.444878533333334,original
2017-01-01,42.8008432,original
2017-01-02,110.718688,original
2017-01-03,150.96394,original
2017-01-04,160.78633,original
2017-01-05,132.10377133333333,original
2017-01-06,95.710784,original
2017-01-07,80.136544,original
2017-01-08,71.924672,original
2017-01-09,61.77191933333334,original
2017-01-10,50.687072,original
2017-01-11,46.97639133333333,original
2017-01-12,44.13291266666667,original
2017-01-13,41.784978,original
2017-01-14,39.625822,original
2017-01-15,37.095008,original
2017-01-16,35.962336,original
2017-01-17,35.112832,original
2017-01-18,34.316422,original
2017-01-19,33.856274,original
2017-01-20,53.365369333333334,original
2017-01-21,98.08231599999999,original
2017-01-22,148.72809266666667,original
2017-01-23,279.05026533333336,original
2017-01-24,322.81152,original
2017-01-25,256.072362,original
2017-01-26,160.10790666666668,original
2017-01-27,92.77881533333334,original
2017-01-28,73.057344,original
2017-01-29,67.70074933333333,original
2017-01-30,54.651424,original
2017-01-31,49.75497733333333,original
2017-02-01,44.457376,original
2017-02-02,41.908864,original
2017-02-03,39.926688,original
2017-02-04,38.22768,original
2017-02-05,37.13630333333333,original
2017-02-06,35.679168,original
2017-02-07,35.44319466666667,original
2017-02-08,43.236214,original
2017-02-09,49.825769333333334,original
2017-02-10,39.64352,original
2017-02-11,36.245504,original
2017-02-12,35.15412733333333,original
2017-02-13,34.151240666666666,original
2017-02-14,33.130656,original
2017-02-15,32.393239333333334,original
2017-02-16,32.528923999999996,original
2017-02-17,32.133668666666665,original
2017-02-18,32.281152,original
2017-02-19,32.658709333333334,original
2017-02-20,31.997984,original
2017-02-21,33.696992,original
2017-02-22,37.87961933333333,original
2017-02-23,38.80581466666667,original
2017-02-24,37.19529666666667,original
2017-02-25,35.17182533333333,original
2017-02-26,32.85928666666667,original
2017-02-27,31.343158,original
2017-02-28,33.475382260869566,original
2017-03-01,36.475578,original
2017-03-02,33.49641466666667,original
2017-03-03,33.696992,original
2017-03-04,31.84460133333333,original
2017-03-05,30.015808,original
2017-03-06,29.57925733333333,original
2017-03-07,29.55566,original
2017-03-08,38.794016,original
2017-03-09,45.023711999999996,original
2017-03-10,42.752468666666665,original
2017-03-11,43.33650266666667,original
2017-03-12,39.395748,original
2017-03-13,48.68129866666667,original
2017-03-14,45.554652,original
2017-03-15,39.87949333333333,original
2017-03-16,35.679168,original
2017-03-17,34.098146666666665,original
2017-03-18,32.281152,original
2017-03-19,31.57913133333333,original
2017-03-20,30.72962733333333,original
2017-03-21,30.004009333333332,original
2017-03-22,29.31968666666667,original
2017-03-23,28.599968,original
2017-03-24,28.175216,original
2017-03-25,28.0548696,original
2017-03-26,38.794016,original
2017-03-27,37.378175999999996,original
2017-03-28,33.29583733333333,original
2017-03-29,30.298976,original
2017-03-30,29.850626666666667,original
2017-03-31,49.837568,original
2017-04-01,69.70652266666666,original
2017-04-02,73.62368,original
2017-04-03,93.44544,original
2017-04-04,155.22915799999998,original
2017-04-05,285.99968,original
2017-04-06,353.96,original
2017-04-07,336.78704066666666,original
2017-04-08,185.41014733333333,original
2017-04-09,84.69082933333334,original
2017-04-10,57.31202333333333,original
2017-04-11,47.91438533333333,original
2017-04-12,42.835059333333334,original
2017-04-13,38.794016,original
2017-04-14,37.01241733333333,original
2017-04-15,36.245504,original
2017-04-16,36.245504,original
2017-04-17,36.245504,original
2017-04-18,37.12450466666667,original
2017-04-19,33.696992,original
2017-04-20,31.885896666666667,original
2017-04-21,30.222284666666667,original
2017-04-22,29.21349866666667,original
2017-04-23,28.599968,original
2017-04-24,29.449472,original
2017-04-25,27.9769984,original
2017-04-26,27.413612066666666,original
2017-04-27,26.5045248,original
2017-04-28,26.106909733333335,original
2017-04-29,25.626704,original
2017-04-30,26.90096,original
2017-05-01,39.926688,original
2017-05-02,43.041536,original
2017-05-03,47.572224,original
2017-05-04,58.04944,original
2017-05-05,68.809824,original
2017-05-06,63.995968,original
2017-05-07,57.483104,original
2017-05-08,44.174208,original
2017-05-09,37.112706,original
2017-05-10,31.431648,original
2017-05-11,29.166304,original
2017-05-12,28.325059066666665,original
2017-05-13,29.827029333333332,original
2017-05-14,29.449472,original
2017-05-15,27.870220466666666,original
2017-05-16,26.1364064,original
2017-05-17,25.4302562,original
2017-05-18,24.703458333333334,original
2017-05-19,24.226202266666665,original
2017-05-20,24.0285746,original
2017-05-21,39.360352,original
2017-05-22,45.023711999999996,original
2017-05-23,61.730624,original
2017-05-24,128.275104,original
2017-05-25,191.704736,original
2017-05-26,115.532544,original
2017-05-27,71.641504,original
2017-05-28,47.67251266666667,original
2017-05-29,38.22768,original
2017-05-30,36.45198066666667,original
2017-05-31,44.457376,original
2017-06-01,52.102911999999996,original
2017-06-02,56.30323733333333,original
2017-06-03,59.46528,original
2017-06-04,77.588032,original
2017-06-05,105.52727466666666,original
2017-06-06,159.01653,original
2017-06-07,198.28249266666668,original
2017-06-08,218.110152,original
2017-06-09,230.38666466666666,original
2017-06-10,214.58825,original
2017-06-11,123.461248,original
2017-06-12,71.358336,original
2017-06-13,57.483104,original
2017-06-14,57.388714666666665,original
2017-06-15,54.651424,original
2017-06-16,47.35394866666667,original
2017-06-17,40.493024,original
2017-06-18,38.67013,original
2017-06-19,37.590552,original
2017-06-20,43.041536,original
2017-06-21,57.43590933333333,original
2017-06-22,93.516232,original
2017-06-23,118.364224,original
2017-06-24,136.13891533333333,original
2017-06-25,242.674976,original
2017-06-26,189.156224,original
2017-06-27,120.3464,original
2017-06-28,89.958934,original
2017-06-29,65.97224466666667,original
2017-06-30,91.43376733333334,original
2017-07-01,151.05832933333332,original
2017-07-02,132.01528133333332,original
2017-07-03,78.154368,original
2017-07-04,58.04944,original
2017-07-05,49.15914466666667,original
2017-07-06,40.776192,original
2017-07-07,37.944511999999996,original
2017-07-08,38.440056,original
2017-07-09,41.218642,original
2017-07-10,50.97024,original
2017-07-11,61.164288,original
2017-07-12,45.873216,original
2017-07-13,44.740544,original
2017-07-14,43.607872,original
2017-07-15,46.67552533333333,original
2017-07-16,50.032246,original
2017-07-17,46.439552,original
2017-07-18,42.758368,original
2017-07-19,40.398634666666666,original
2017-07-20,36.587665333333334,original
2017-07-21,39.31905666666667,original
2017-07-22,34.38131466666667,original
2017-07-23,39.360352,original
2017-07-24,56.067264,original
2017-07-25,88.065248,original
2017-07-26,152.061216,original
2017-07-27,237.86112,original
2017-07-28,279.76408466666663,original
2017-07-29,315.6143333333333,original
2017-07-30,269.49924466666664,original
2017-07-31,112.984032,original
2017-08-01,103.73977666666666,original
2017-08-02,86.649408,original
2017-08-03,61.447456,original
2017-08-04,54.899195999999996,original
2017-08-05,50.899448,original
2017-08-06,46.050196,original
2017-08-07,55.83719,original
2017-08-08,52.580757999999996,original
2017-08-09,57.483104,original
2017-08-10,67.747944,original
2017-08-11,81.269216,original
2017-08-12,93.162272,original
2017-08-13,83.98880866666666,original
2017-08-14,78.64401266666665,original
2017-08-15,65.694976,original
2017-08-16,68.69773666666666,original
2017-08-17,77.021696,original
2017-08-18,79.853376,original
2017-08-19,67.52376933333333,original
2017-08-20,51.536576,original
2017-08-21,47.005888,original
2017-08-22,42.4752,original
2017-08-23,38.794016,original
2017-08-24,35.932839333333334,original
2017-08-25,34.723476,original
2017-08-26,36.245504,original
2017-08-27,32.56432,original
2017-08-28,33.98016,original
2017-08-29,48.822882666666665,original
2017-08-30,92.46025133333333,original
2017-08-31,131.20117333333332,original
2017-09-01,112.17582333333334,original
2017-09-02,80.48460466666666,original
2017-09-03,61.34716733333334,original
2017-09-04,49.076554,original
2017-09-05,41.908864,original
2017-09-06,36.81184,original
2017-09-07,33.98016,original
2017-09-08,31.997984,original
2017-09-09,30.582144,original
2017-09-10,29.73264,original
2017-09-11,28.599968,original
2017-09-12,27.9823078,original
2017-09-13,27.271438133333334,original
2017-09-14,26.698022933333334,original
2017-09-15,26.2408246,original
2017-09-16,27.2124448,original
2017-09-17,27.60888,original
2017-09-18,26.762325666666666,original
2017-09-19,29.33030546666667,original
2017-09-20,28.883136,original
2017-09-21,26.8443264,original
2017-09-22,26.1364064,original
2017-09-23,25.4568032,original
2017-09-24,25.1453184,original
2017-09-25,24.8904672,original
2017-09-26,24.5506656,original
2017-09-27,24.2674976,original
2017-09-28,23.9560128,original
2017-09-29,23.644528,original
2017-09-30,23.2764096,original
2017-10-01,23.0215584,original
2017-10-02,22.874665,original
2017-10-03,22.8233408,original
2017-10-04,22.778505866666666,original
2017-10-05,22.4835392,original
2017-10-06,22.402718333333333,original
2017-10-07,22.371451866666664,original
2017-10-08,23.3047264,original
2017-10-09,24.494032,original
2017-10-10,24.210864,original
2017-10-11,24.748883199999998,original
2017-10-12,25.666819466666666,original
2017-10-13,28.883136,original
2017-10-14,27.969329266666666,original
2017-10-15,25.883146031460676,original
2017-10-16,26.594092069565217,original
2017-10-17,27.325122066666665,original
2017-10-18,25.54936109850746,original
2017-10-19,24.692839533333334,original
2017-10-20,24.210864,original
2017-10-21,24.2391808,original
2017-10-22,26.570007399999998,original
2017-10-23,47.855392,original
2017-10-24,41.702387333333334,original
2017-10-25,29.73264,original
2017-10-26,27.1558112,original
2017-10-27,26.0231392,original
2017-10-28,25.7116544,original
2017-10-29,27.1558112,original
2017-10-30,27.0708608,original
2017-10-31,26.90096,original
2017-11-01,26.5611584,original
2017-11-02,30.865312,original
2017-11-03,31.41395,original
2017-11-04,28.288483199999998,original
2017-11-05,27.149911866666667,original
2017-11-06,26.393617333333335,original
2017-11-07,25.853828333333333,original
2017-11-08,25.343536,original
2017-11-09,25.163606333333334,original
2017-11-10,25.1453184,original
2017-11-11,25.13116,original
2017-11-12,24.862740333333335,original
2017-11-13,24.6922496,original
2017-11-14,24.6851704,original
2017-11-15,24.494032,original
2017-11-16,24.417340666666664,original
2017-11-17,24.352448,original
2017-11-18,24.210864,original
2017-11-19,24.081078666666667,original
2017-11-20,23.9560128,original
2017-11-21,23.8445154,original
2017-11-22,23.786112,original
2017-11-23,23.7577952,original
2017-11-24,23.6852334,original
2017-11-25,23.7931912,original
2017-11-26,23.6162112,original
2017-11-27,23.5878944,original
2017-11-28,23.502944,original
2017-11-29,23.4533896,original
2017-11-30,24.130043133333334,original
2017-12-01,32.847488,original
2017-12-02,31.61452733333333,original
2017-12-03,27.4389792,original
2017-12-04,26.400696533333335,original
2017-12-05,25.8019142,original
2017-12-06,30.582144,original
2017-12-07,37.095008,original
2017-12-08,40.209856,original
2017-12-09,47.572224,original
2017-12-10,44.740544,original
2017-12-11,40.699500666666665,original
2017-12-12,36.564068,original
2017-12-13,33.413824,original
2017-12-14,31.997984,original
2017-12-15,30.865312,original
2017-12-16,30.375667333333332,original
2017-12-17,30.52315066666667,original
2017-12-18,48.704896,original
2017-12-19,57.79576866666667,original
2017-12-20,57.766272,original
2017-12-21,59.45938066666666,original
2017-12-22,54.651424,original
2017-12-23,48.13856,original
2017-12-24,44.42787933333333,original
2017-12-25,40.493024,original
2017-12-26,39.077184,original
2017-12-27,39.360352,original
2017-12-28,45.873216,original
2017-12-29,47.855392,original
2017-12-30,47.289056,original
2017-12-31,45.31277933333333,original
2018-01-01,41.69058866666667,original
2018-01-02,39.43704333333333,original
2018-01-03,37.802928,original
2018-01-04,36.947524666666666,original
2018-01-05,36.245504,original
2018-01-06,35.72046333333333,original
2018-01-07,35.112832,original
2018-01-08,40.16856066666667,original
2018-01-09,84.100896,original
2018-01-10,93.480836,original
2018-01-11,82.11872,original
2018-01-12,75.605856,original
2018-01-13,75.322688,original
2018-01-14,72.53820266666666,original
2018-01-15,67.25829933333334,original
2018-01-16,58.32080933333334,original
2018-01-17,51.223911333333334,original
2018-01-18,47.25955933333333,original
2018-01-19,44.174208,original
2018-01-20,42.94714666666667,original
2018-01-21,41.342528,original
2018-01-22,40.493024,original
2018-01-23,39.64352,original
2018-01-24,39.44294266666667,original
2018-01-25,52.97601333333333,original
2018-01-26,62.108181333333334,original
2018-01-27,51.253408,original
2018-01-28,75.22829866666666,original
2018-01-29,187.174048,original
2018-01-30,291.66304,original
2018-01-31,285.54543133333334,original
2018-02-01,190.7785406666667,original
2018-02-02,104.12913266666666,original
2018-02-03,68.809824,original
2018-02-04,63.14056466666666,original
2018-02-05,63.240853333333334,original
2018-02-06,72.491008,original
2018-02-07,83.14520399999999,original
2018-02-08,105.96972466666666,original
2018-02-09,169.334464,original
2018-02-10,193.686912,original
2018-02-11,161.40576,original
2018-02-12,169.334464,original
2018-02-13,220.021536,original
2018-02-14,174.997824,original
2018-02-15,110.718688,original
2018-02-16,82.401888,original
2018-02-17,69.659328,original
2018-02-18,64.46201533333334,original
2018-02-19,57.766272,original
2018-02-20,54.651424,original
2018-02-21,51.625066,original
2018-02-22,49.253534,original
2018-02-23,47.79049933333333,original
2018-02-24,59.960824,original
2018-02-25,65.12864,original
2018-02-26,83.817728,original
2018-02-27,150.07904,original
2018-02-28,231.065088,original
2018-03-01,248.2359135319149,original
2018-03-02,220.55837533333332,original
2018-03-03,129.71454133333333,original
2018-03-04,80.21323533333333,original
2018-03-05,64.18474666666665,original
2018-03-06,58.792756,original
2018-03-07,64.349928,original
2018-03-08,64.16466382978723,original
2018-03-09,67.110816,original
2018-03-10,62.863296,original
2018-03-11,55.61891466666667,original
2018-03-12,61.447456,original
2018-03-13,63.995968,original
2018-03-14,64.456116,original
2018-03-15,58.04944,original
2018-03-16,50.687072,original
2018-03-17,52.669247999999996,original
2018-03-18,63.995968,original
2018-03-19,98.25929599999999,original
2018-03-20,99.1088,original
2018-03-21,80.05985266666666,original
2018-03-22,59.748447999999996,original
2018-03-23,53.34767133333333,original
2018-03-24,47.005888,original
2018-03-25,44.174208,original
2018-03-26,42.800541957446804,original
2018-03-27,41.17144733333333,original
2018-03-28,39.89450981818182,original
2018-03-29,39.31905666666667,original
2018-03-30,44.652054,original
2018-03-31,47.17696866666667,original
2018-04-01,43.77895266666667,original
2018-04-02,42.192032,original
2018-04-03,38.794016,original
2018-04-04,41.05936,original
2018-04-05,45.38357133333333,original
2018-04-06,39.360352,original
2018-04-07,47.855392,original
2018-04-08,84.100896,original
2018-04-09,86.649408,original
2018-04-10,81.109934,original
2018-04-11,72.774176,original
2018-04-12,59.10542066666666,original
2018-04-13,44.174208,original
2018-04-14,43.3576305116279,original
2018-04-15,115.550242,original
2018-04-16,253.27607799999998,original
2018-04-17,287.7930773333334,original
2018-04-18,197.66331370212765,original
2018-04-19,117.27874666666668,original
2018-04-20,73.676774,original
2018-04-21,55.84308933333333,original
2018-04-22,48.23884866666667,original
2018-04-23,48.13856,original
2018-04-24,60.46226733333334,original
2018-04-25,91.30988133333334,original
2018-04-26,120.912736,original
2018-04-27,93.162272,original
2018-04-28,63.13466533333334,original
2018-04-29,45.30688,original
2018-04-30,40.493024,original
2018-05-01,37.903216666666665,original
2018-05-02,35.59657733333333,original
2018-05-03,33.909368,original
2018-05-04,32.62331333333333,original
2018-05-05,31.63222533333333,original
2018-05-06,31.32546,original
2018-05-07,30.582144,original
2018-05-08,29.73264,original
2018-05-09,29.166304,original
2018-05-10,28.3168,original
2018-05-11,27.876709733333335,original
2018-05-12,27.203407523404255,original
2018-05-13,26.738289021276596,original
2018-05-14,26.2213568,original
2018-05-15,25.999541866666664,original
2018-05-16,25.826101466666664,original
2018-05-17,25.5983872,original
2018-05-18,25.1736352,original
2018-05-19,24.9754176,original
2018-05-20,24.912294733333333,original
2018-05-21,24.429139333333335,original
2018-05-22,26.0231392,original
2018-05-23,27.079119866666666,original
2018-05-24,27.42576469333333,original
2018-05-25,31.431648,original
2018-05-26,33.053964666666666,original
2018-05-27,34.23815751111111,original
2018-05-28,43.89104,original
2018-05-29,42.71117333333333,original
2018-05-30,45.30688,original
2018-05-31,44.51047,original
2018-06-01,34.11270672340425,original
2018-06-02,28.288483199999998,original
2018-06-03,26.813649866666665,original
2018-06-04,25.638502666666664,original
2018-06-05,25.106972733333333,original
2018-06-06,30.582144,original
2018-06-07,29.449472,original
2018-06-08,25.9948224,original
2018-06-09,24.635616,original
2018-06-10,24.6993288,original
2018-06-11,26.234925266666664,original
2018-06-12,30.015808,original
2018-06-13,28.811754066666666,original
2018-06-14,28.154568333333334,original
2018-06-15,30.471236533333332,original
2018-06-16,34.263328,original
2018-06-17,36.115718666666666,original
2018-06-18,29.574537866666667,original
2018-06-19,27.650175333333333,original
2018-06-20,26.777074,original
2018-06-21,25.8815552,original
2018-06-22,29.726740666666668,original
2018-06-23,33.27224,original
2018-06-24,30.753224666666668,original
2018-06-25,29.88602266666667,original
2018-06-26,26.334623999999998,original
2018-06-27,25.060368,original
2018-06-28,24.0126464,original
2018-06-29,23.5595776,original
2018-06-30,23.7294784,original
2018-07-01,26.003081466666664,original
2018-07-02,30.015808,original
2018-07-03,29.120879133333332,original
2018-07-04,35.962336,original
2018-07-05,31.63812466666667,original
2018-07-06,27.777010999999998,original
2018-07-07,26.7310592,original
2018-07-08,33.2067574,original
2018-07-09,38.26897533333333,original
2018-07-10,38.510848,original
2018-07-11,33.24864266666667,original
2018-07-12,29.303758466666668,original
2018-07-13,29.95681466666667,original
2018-07-14,27.660794133333333,original
2018-07-15,25.4284864,original
2018-07-16,25.058008266666665,original
2018-07-17,32.281152,original
2018-07-18,40.493024,original
2018-07-19,42.00325333333333,original
2018-07-20,54.651424,original
2018-07-21,41.342528,original
2018-07-22,32.847488,original
2018-07-23,28.883136,original
2018-07-24,27.440159066666666,original
2018-07-25,26.1735722,original
2018-07-26,25.1453184,original
2018-07-27,24.754782533333334,original
2018-07-28,24.5506656,original
2018-07-29,27.2973952,original
2018-07-30,31.14848,original
2018-07-31,28.599968,original
2018-08-01,30.865312,original
2018-08-02,35.62017466666667,original
2018-08-03,34.098146666666665,original
2018-08-04,28.128611266666667,original
2018-08-05,26.871412034782608,original
2018-08-06,26.40863381818182,original
2018-08-07,26.087159791304348,original
2018-08-08,26.1364064,original
2018-08-09,25.4284864,original
2018-08-10,25.400169599999998,original
2018-08-11,26.1080896,original
2018-08-12,26.213687666666665,original
2018-08-13,25.48512,original
2018-08-14,24.9471008,original
2018-08-15,24.6072992,original
2018-08-16,24.370735933333336,original
2018-08-17,26.051455999999998,original
2018-08-18,28.942719266666664,original
2018-08-19,29.73264,original
2018-08-20,32.56432,original
2018-08-21,40.35144,original
2018-08-22,41.45461533333333,original
2018-08-23,33.413824,original
2018-08-24,29.75800713333333,original
2018-08-25,27.079119866666666,original
2018-08-26,25.6550208,original
2018-08-27,25.0886848,original
2018-08-28,25.7966048,original
2018-08-29,27.7221472,original
2018-08-30,28.3168,original
2018-08-31,33.130656,original
2018-09-01,31.997984,original
2018-09-02,32.281152,original
2018-09-03,31.14848,original
2018-09-04,29.73264,original
2018-09-05,28.599968,original
2018-09-06,27.7221472,original
2018-09-07,27.467296,original
2018-09-08,28.1185824,original
2018-09-09,27.3823456,original
2018-09-10,27.325712,original
2018-09-11,28.846560133333334,original
2018-09-12,35.08923466666667,original
2018-09-13,38.48135133333333,original
2018-09-14,30.015808,original
2018-09-15,27.652535066666665,original
2018-09-16,25.604876466666664,original
2018-09-17,24.219713,original
2018-09-18,23.078192,original
2018-09-19,22.779685733333334,original
2018-09-20,22.127219466666666,original
2018-09-21,21.498350533333333,original
2018-09-22,21.6871292,original
2018-09-23,22.648720533333336,original
2018-09-24,22.0304704,original
2018-09-25,22.0587872,original
2018-09-26,23.3330432,original
2018-09-27,23.814428799999998,original
2018-09-28,29.166304,original
2018-09-29,26.6744256,original
2018-09-30,23.3330432,original
2018-10-01,22.231047733333334,original
2018-10-02,21.352047066666664,original
2018-10-03,20.618759933333333,original
2018-10-04,20.124985733333332,original
2018-10-05,19.776335133333333,original
2018-10-06,19.476649,original
2018-10-07,19.1421568,original
2018-10-08,19.541541666666664,original
2018-10-09,21.4358176,original
2018-10-10,25.842029666666665,original
2018-10-11,23.5719662,original
2018-10-12,20.475996066666664,original
2018-10-13,19.091422533333333,original
2018-10-14,18.2360192,original
2018-10-15,18.0661184,original
2018-10-16,22.511855999999998,original
2018-10-17,25.083965333333335,original
2018-10-18,21.952599199999998,original
2018-10-19,19.2837408,original
2018-10-20,18.264336,original
2018-10-21,17.80898883678161,original
2018-10-22,17.4723505,original
2018-10-23,17.131664,original
2018-10-24,17.151721733333336,original
2018-10-25,18.356955533333334,original
2018-10-26,28.599968,original
2018-10-27,28.599968,original
2018-10-28,24.128273333333333,original
2018-10-29,20.7845312,original
2018-10-30,19.4536416,original
2018-10-31,18.6324544,original
2018-11-01,25.243837266666667,original
2018-11-02,49.271232,original
2018-11-03,38.54034466666667,original
2018-11-04,27.276747533333335,original
2018-11-05,25.400169599999998,original
2018-11-06,25.3718528,original
2018-11-07,24.023855133333335,original
2018-11-08,46.72272,original
2018-11-09,62.29696,original
2018-11-10,53.80192,original
2018-11-11,40.493024,original
2018-11-12,33.98016,original
2018-11-13,45.91451133333333,original
2018-11-14,58.898944,original
2018-11-15,49.5544,original
2018-11-16,43.89104,original
2018-11-17,34.546496,original
2018-11-18,29.166304,original
2018-11-19,26.6744256,original
2018-11-20,25.587178466666664,original
2018-11-21,25.229678866666664,original
2018-11-22,24.5595146,original
2018-11-23,23.1914592,original
2018-11-24,23.502944,original
2018-11-25,24.3418292,original
2018-11-26,24.206144533333333,original
2018-11-27,23.384957333333332,original
2018-11-28,22.878127652173912,original
2018-11-29,22.4782298,original
2018-11-30,22.3118686,original
2018-12-01,22.293580666666664,original
2018-12-02,24.413801066666664,original
2018-12-03,26.5894752,original
2018-12-04,31.714816,original
2018-12-05,29.908440133333333,original
2018-12-06,24.6639328,original
2018-12-07,23.321834466666665,original
2018-12-08,25.2302688,original
2018-12-09,49.5544,original
2018-12-10,56.6336,original
2018-12-11,44.740544,original
2018-12-12,41.05936,original
2018-12-13,33.98016,original
2018-12-14,32.91828,original
2018-12-15,34.629086666666666,original
2018-12-16,32.99497133333333,original
2018-12-17,33.06576333333333,original
2018-12-18,30.841714666666668,original
2018-12-19,28.434196733333334,original
2018-12-20,29.918468999999998,original
2018-12-21,37.378175999999996,original
2018-12-22,43.041536,original
2018-12-23,46.120988,original
2018-12-24,39.64352,original
2018-12-25,33.130656,original
2018-12-26,30.23998266666667,original
2018-12-27,28.1451294,original
2018-12-28,158.007744,original
2018-12-29,744.73184,original
2018-12-30,713.58336,original
2018-12-31,499.5555466666667,original
2019-01-01,327.660772,original
2019-01-02,241.825472,original
2019-01-03,205.579968,original
2019-01-04,203.597792,original
2019-01-05,247.72480533333334,original
2019-01-06,385.10848,original
2019-01-07,370.47813333333335,original
2019-01-08,269.19837866666666,original
2019-01-09,145.79022466666666,original
2019-01-10,86.932576,original
2019-01-11,76.10729933333333,original
2019-01-12,68.78622666666666,original
2019-01-13,65.801164,original
2019-01-14,63.146464,original
2019-01-15,61.32357,original
2019-01-16,58.155628,original
2019-01-17,52.952416,original
2019-01-18,49.837568,original
2019-01-19,47.289056,original
2019-01-20,50.828656,original
2019-01-21,55.506827333333334,original
2019-01-22,55.21776,original
2019-01-23,53.42436266666667,original
2019-01-24,74.473184,original
2019-01-25,80.419712,original
2019-01-26,67.110816,original
2019-01-27,57.766272,original
2019-01-28,49.837568,original
2019-01-29,46.156384,original
2019-01-30,45.023711999999996,original
2019-01-31,43.041536,original
2019-02-01,41.05936,original
2019-02-02,39.926688,original
2019-02-03,39.088982666666666,original
2019-02-04,38.02710266666667,original
2019-02-05,37.378175999999996,original
2019-02-06,38.22768,original
2019-02-07,38.794016,original
2019-02-08,40.37503733333333,original
2019-02-09,40.209856,original
2019-02-10,37.62004866666667,original
2019-02-11,35.555282,original
2019-02-12,36.38118866666667,original
2019-02-13,54.350558,original
2019-02-14,52.102911999999996,original
2019-02-15,51.182615999999996,original
2019-02-16,50.014548,original
2019-02-17,41.908864,original
2019-02-18,39.51373466666667,original
2019-02-19,36.245504,original
2019-02-20,37.378175999999996,original
2019-02-21,68.526656,original
2019-02-22,95.427616,original
2019-02-23,127.70876799999999,original
2019-02-24,173.015648,original
2019-02-25,162.8216,original
2019-02-26,114.116704,original
2019-02-27,86.932576,original
2019-02-28,80.136544,original
2019-03-01,76.738528,original
2019-03-02,95.710784,original
2019-03-03,130.25728,original
2019-03-04,155.7424,original
2019-03-05,184.0592,original
2019-03-06,154.892896,original
2019-03-07,105.33849599999999,original
2019-03-08,74.190016,original
2019-03-09,64.19654533333333,original
2019-03-10,54.651424,original
2019-03-11,49.837568,original
2019-03-12,46.156384,original
2019-03-13,43.324704,original
2019-03-14,41.625696,original
2019-03-15,40.776192,original
2019-03-16,40.209856,original
2019-03-17,38.76451933333333,original
2019-03-18,37.19529666666667,original
2019-03-19,35.396,original
2019-03-20,34.263328,original
2019-03-21,33.130656,original
2019-03-22,32.281152,original
2019-03-23,31.714816,original
2019-03-24,31.14848,original
2019-03-25,30.582144,original
2019-03-26,30.298976,original
2019-03-27,29.73264,original
2019-03-28,29.166304,original
2019-03-29,29.03061933333333,original
2019-03-30,28.841840666666666,original
2019-03-31,28.735652666666667,original
2019-04-01,29.70904266666667,original
2019-04-02,29.052446866666667,original
2019-04-03,28.066078333333333,original
2019-04-04,28.128611266666667,original
2019-04-05,45.873216,original
2019-04-06,53.890409999999996,original
2019-04-07,52.03801933333333,original
2019-04-08,56.87547266666667,original
2019-04-09,55.70150533333333,original
2019-04-10,48.132660666666666,original
2019-04-11,47.53092866666667,original
2019-04-12,40.487124666666666,original
2019-04-13,34.546496,original
2019-04-14,35.90077773913043,original
2019-04-15,49.70188333333333,original
2019-04-16,80.136544,original
2019-04-17,73.057344,original
2019-04-18,70.94694098113207,original
2019-04-19,73.71806933333333,original
2019-04-20,191.421568,original
2019-04-21,351.12832,original
2019-04-22,341.92536,original
2019-04-23,235.43059466666665,original
2019-04-24,96.560288,original
2019-04-25,71.83429923404255,original
2019-04-26,62.013792,original
2019-04-27,58.456494,original
2019-04-28,55.323948,original
2019-04-29,57.71907733333333,original
2019-04-30,49.749078,original
2019-05-01,41.59491686956521,original
2019-05-02,37.19529666666667,original
2019-05-03,33.98016,original
2019-05-04,33.696992,original
2019-05-05,39.618896695652175,original
2019-05-06,48.704896,original
2019-05-07,41.05936,original
2019-05-08,38.510848,original
2019-05-09,37.661344,original
2019-05-10,88.631584,original
2019-05-11,132.99858723404256,original
2019-05-12,385.10848,original
2019-05-13,715.5113123404255,original
2019-05-14,475.72224,original
2019-05-15,345.33517466666666,original
2019-05-16,215.57087373913043,original
2019-05-17,110.72471285106383,original
2019-05-18,70.792,original
2019-05-19,63.5320544680851,original
2019-05-20,69.13428733333333,original
2019-05-21,96.843456,original
2019-05-22,90.330592,original
2019-05-23,74.75635199999999,original
2019-05-24,59.971367489361704,original
2019-05-25,47.005888,original
2019-05-26,41.908864,original
2019-05-27,39.077184,original
2019-05-28,37.47846466666667,original
2019-05-29,35.73816133333333,original
2019-05-30,34.35771733333333,original
2019-05-31,32.847488,original
2019-06-01,32.847488,original
2019-06-02,32.56432,original
2019-06-03,31.52202076595745,original
2019-06-04,30.393365333333332,original
2019-06-05,30.865312,original
2019-06-06,40.611010666666665,original
2019-06-07,64.562304,original
2019-06-08,61.88727012765957,original
2019-06-09,72.402518,original
2019-06-10,50.50419266666667,original
2019-06-11,38.52264666666667,original
2019-06-12,33.696992,original
2019-06-13,31.714816,original
2019-06-14,30.582144,original
2019-06-15,29.762136666666667,original
2019-06-16,29.166304,original
2019-06-17,28.924431333333334,original
2019-06-18,30.953802,original
2019-06-19,71.075168,original
2019-06-20,59.88099472340426,original
2019-06-21,38.54034466666667,original
2019-06-22,31.714816,original
2019-06-23,29.73264,original
2019-06-24,28.3168,original
2019-06-25,28.033632,original
2019-06-26,28.8778266,original
2019-06-27,28.731087095652175,original
2019-06-28,28.1292012,original
2019-06-29,28.0584092,original
2019-06-30,27.637196799999998,original
2019-07-01,26.994169466666666,original
2019-07-02,28.288483199999998,original
2019-07-03,26.5611584,original
2019-07-04,25.5983872,original
2019-07-05,25.210211066666666,original
2019-07-06,24.942971266666664,original
2019-07-07,24.8055168,original
2019-07-08,24.0409632,original
2019-07-09,24.238000933333335,original
2019-07-10,24.330030533333336,original
2019-07-11,24.3028936,original
2019-07-12,24.539456866666665,original
2019-07-13,24.526478333333333,original
2019-07-14,28.143949533333334,original
2019-07-15,43.89104,original
2019-07-16,52.38608,original
2019-07-17,48.17985533333333,original
2019-07-18,46.89380066666667,original
2019-07-19,40.62280933333333,original
2019-07-20,32.80619266666667,original
2019-07-21,29.31968666666667,original
2019-07-22,30.298976,original
2019-07-23,30.493654,original
2019-07-24,31.166178,original
2019-07-25,28.0902656,original
2019-07-26,26.1647232,original
2019-07-27,25.1453184,original
2019-07-28,24.540636733333333,original
2019-07-29,23.7577952,original
2019-07-30,24.2958144,original
2019-07-31,30.576834599999998,original
2019-08-01,33.43742133333333,original
2019-08-02,27.453137599999998,original
2019-08-03,29.166304,original
2019-08-04,29.714942,original
2019-08-05,29.661848,original
2019-08-06,34.546496,original
2019-08-07,32.281152,original
2019-08-08,29.919058933333332,original
2019-08-09,27.011867466666665,original
2019-08-10,25.10838344347826,original
2019-08-11,23.8993792,original
2019-08-12,25.032051199999998,original
2019-08-13,28.1185824,original
2019-08-14,31.431648,original
2019-08-15,50.403904,original
2019-08-16,47.855392,original
2019-08-17,31.714816,original
2019-08-18,26.7310592,original
2019-08-19,25.4568032,original
2019-08-20,26.521042933333334,original
2019-08-21,28.279044266666666,original
2019-08-22,34.263328,original
2019-08-23,35.112832,original
2019-08-24,31.33135933333333,original
2019-08-25,31.997984,original
2019-08-26,37.095008,original
2019-08-27,51.17671666666667,original
2019-08-28,86.81458933333333,original
2019-08-29,86.36624,original
2019-08-30,69.977892,original
2019-08-31,46.94099533333333,original
2019-09-01,34.263328,original
2019-09-02,31.35495666666667,original
2019-09-03,28.816473533333333,original
2019-09-04,27.069091,original
2019-09-05,25.803094066666667,original
2019-09-06,24.6639328,original
2019-09-07,23.927696,original
2019-09-08,23.3896768,original
2019-09-09,23.0658034,original
2019-09-10,23.1914592,original
2019-09-11,22.8799744,original
2019-09-12,22.444013666666667,original
2019-09-13,22.2853216,original
2019-09-14,22.0287006,original
2019-09-15,21.4924512,original
2019-09-16,21.2942336,original
2019-09-17,21.0676992,original
2019-09-18,20.8730212,original
2019-09-19,20.6146304,original
2019-09-20,20.3597792,original
2019-09-21,20.246512,original
2019-09-22,20.5013632,original
2019-09-23,20.3916356,original
2019-09-24,20.1279354,original
2019-09-25,19.8783936,original
2019-09-26,19.7084928,original
2019-09-27,19.573988,original
2019-09-28,19.383439533333334,original
2019-09-29,19.248344799999998,original
2019-09-30,19.149236,original
2019-10-01,19.0625158,original
2019-10-02,18.9793352,original
2019-10-03,18.892615,original
2019-10-04,18.769318933333334,original
2019-10-05,18.7758082,original
2019-10-06,20.0482944,original
2019-10-07,22.0587872,original
2019-10-08,21.704237266666667,original
2019-10-09,20.4447296,original
2019-10-10,19.901401,original
2019-10-11,19.9067104,original
2019-10-12,21.4075008,original
2019-10-13,22.169694666666665,original
2019-10-14,21.1101744,original
2019-10-15,21.471803533333333,original
2019-10-16,23.950113466666664,original
2019-10-17,36.15465426666667,original
2019-10-18,37.856022,original
2019-10-19,29.90549046666667,original
2019-10-20,26.494495933333333,original
2019-10-21,24.348318466666665,original
2019-10-22,27.7787808,original
2019-10-23,30.582144,original
2019-10-24,27.2407616,original
2019-10-25,31.14848,original
2019-10-26,92.0296,original
2019-10-27,177.829504,original
2019-10-28,294.49472,original
2019-10-29,326.687382,original
2019-10-30,179.0565653333333,original
2019-10-31,113.674254,original
2019-11-01,166.502784,original
2019-11-02,221.15420799999998,original
2019-11-03,176.39006666666668,original
2019-11-04,97.69296,original
2019-11-05,65.12864,original
2019-11-06,52.38608,original
2019-11-07,45.873216,original
2019-11-08,44.00902666666667,original
2019-11-09,43.64916733333333,original
2019-11-10,38.794016,original
2019-11-11,36.528672,original
2019-11-12,34.829664,original
2019-11-13,33.98016,original
2019-11-14,33.49641466666667,original
2019-11-15,32.900582,original
2019-11-16,32.393239333333334,original
2019-11-17,31.714816,original
2019-11-18,31.14848,original
2019-11-19,30.865312,original
2019-11-20,30.298976,original
2019-11-21,29.939116666666667,original
2019-11-22,29.52616333333333,original
2019-11-23,30.582144,original
2019-11-24,34.263328,original
2019-11-25,35.15412733333333,original
2019-11-26,37.661344,original
2019-11-27,35.962336,original
2019-11-28,37.944511999999996,original
2019-11-29,38.22768,original
2019-11-30,36.71745066666667,original
2019-12-01,33.98016,original
2019-12-02,31.997984,original
2019-12-03,30.865312,original
2019-12-04,30.015808,original
2019-12-05,29.632351333333332,original
2019-12-06,29.24299533333333,original
2019-12-07,29.03061933333333,original
2019-12-08,28.776948,original
2019-12-09,28.388181933333335,original
2019-12-10,28.203532799999998,original
2019-12-11,43.324704,original
2019-12-12,58.922541333333335,original
2019-12-13,48.13856,original
2019-12-14,43.696362,original
2019-12-15,39.75560733333333,original
2019-12-16,35.962336,original
2019-12-17,38.369264,original
2019-12-18,91.463264,original
2019-12-19,114.57095266666666,original
2019-12-20,138.3511653333333,original
2019-12-21,133.31313466666668,original
2019-12-22,77.304864,original
2019-12-23,66.72735933333334,original
2019-12-24,61.447456,original
2019-12-25,58.4034,original
2019-12-26,55.49502866666667,original
2019-12-27,50.76376333333333,original
2019-12-28,46.59293466666667,original
2019-12-29,44.29219466666667,original
2019-12-30,42.61088466666667,original
2019-12-31,41.625696,original
2020-01-01,39.926688,original
2020-01-02,47.855392,original
2020-01-03,79.003872,original
2020-01-04,109.391338,original
2020-01-05,139.035488,original
2020-01-06,132.90018133333334,original
2020-01-07,111.27912466666666,original
2020-01-08,73.057344,original
2020-01-09,61.33536866666666,original
2020-01-10,53.49515466666667,original
2020-01-11,54.68682,original
2020-01-12,94.578112,original
2020-01-13,135.92064,original
2020-01-14,163.67110399999999,original
2020-01-15,225.684896,original
2020-01-16,314.31648,original
2020-01-17,281.18582399999997,original
2020-01-18,202.2586433333333,original
2020-01-19,136.26870066666666,original
2020-01-20,103.338622,original
2020-01-21,88.66698,original
2020-01-22,84.9504,original
2020-01-23,76.45536,original
2020-01-24,73.057344,original
2020-01-25,69.942496,original
2020-01-26,68.04291066666666,original
2020-01-27,71.429128,original
2020-01-28,79.70589266666666,original
2020-01-29,82.10692133333333,original
2020-01-30,84.55514466666666,original
2020-01-31,87.498912,original
2020-02-01,85.34565533333334,original
2020-02-02,76.11319866666666,original
2020-02-03,60.751334666666665,original
2020-02-04,49.271232,original
2020-02-05,45.023711999999996,original
2020-02-06,51.21211266666667,original
2020-02-07,123.72081866666667,original
2020-02-08,266.0304366666667,original
2020-02-09,411.00655333333333,original
2020-02-10,295.83386866666666,original
2020-02-11,138.75232,original
2020-02-12,121.479072,original
2020-02-13,114.53555666666666,original
2020-02-14,116.78320266666667,original
2020-02-15,131.832402,original
2020-02-16,120.3464,original
2020-02-17,126.60559266666667,original
2020-02-18,153.71892866666667,original
2020-02-19,123.17808,original
2020-02-20,101.94048,original
2020-02-21,113.2672,original
2020-02-22,164.520608,original
2020-02-23,200.482944,original
2020-02-24,182.077024,original
2020-02-25,144.132512,original
2020-02-26,110.09925799999999,original
2020-02-27,97.91713466666666,original
2020-02-28,84.667232,original
2020-02-29,72.774176,original
2020-03-01,63.7128,original
2020-03-02,56.350432,original
2020-03-03,50.687072,original
2020-03-04,46.72272,original
2020-03-05,50.120736,original
2020-03-06,66.94563466666666,original
2020-03-07,79.28704,original
2020-03-08,85.233568,original
2020-03-09,84.9504,original
2020-03-10,57.483104,original
2020-03-11,50.120736,original
2020-03-12,52.48046933333333,original
2020-03-13,49.920158666666666,original
2020-03-14,45.30688,original
2020-03-15,41.908864,original
2020-03-16,39.077184,original
2020-03-17,37.76163266666667,original
2020-03-18,37.51976,original
2020-03-19,35.962336,original
2020-03-20,34.546496,original
2020-03-21,33.696992,original
2020-03-22,35.396,original
2020-03-23,33.413824,original
2020-03-24,40.493024,original
2020-03-25,54.651424,original
2020-03-26,67.15211133333334,original
2020-03-27,53.235583999999996,original
2020-03-28,38.25127733333333,original
2020-03-29,32.56432,original
2020-03-30,30.582144,original
2020-03-31,29.166304,original
2020-04-01,29.33148533333333,original
2020-04-02,29.166304,original
2020-04-03,29.390478666666667,original
2020-04-04,31.225171333333332,original
2020-04-05,28.3168,original
2020-04-06,27.4956128,original
2020-04-07,26.7310592,original
2020-04-08,26.3912576,original
2020-04-09,26.334623999999998,original
2020-04-10,26.844916333333334,original
2020-04-11,28.883136,original
2020-04-12,27.678492133333336,original
2020-04-13,28.883136,original
2020-04-14,40.776192,original
2020-04-15,42.758368,original
2020-04-16,33.413824,original
2020-04-17,28.883136,original
2020-04-18,27.4602168,original
2020-04-19,27.4106624,original
2020-04-20,37.944511999999996,original
2020-04-21,71.075168,original
2020-04-22,79.6304565106383,original
2020-04-23,77.588032,original
2020-04-24,74.473184,original
2020-04-25,82.11872,original
2020-04-26,81.50518933333333,original
2020-04-27,57.199936,original
2020-04-28,40.493024,original
2020-04-29,43.433151319148934,original
2020-04-30,67.96032,original
2020-05-01,63.429632,original
2020-05-02,56.350432,original
2020-05-03,47.289056,original
2020-05-04,39.360352,original
2020-05-05,33.696992,original
2020-05-06,30.015808,original
2020-05-07,28.288483199999998,original
2020-05-08,27.594131666666666,original
2020-05-09,32.281152,original
2020-05-10,35.112832,original
2020-05-11,30.865312,original
2020-05-12,29.00643206666667,original
2020-05-13,27.0991776,original
2020-05-14,27.892637933333333,original
2020-05-15,117.727096,original
2020-05-16,238.232778,original
2020-05-17,160.79812866666668,original
2020-05-18,91.98240533333333,original
2020-05-19,65.694976,original
2020-05-20,55.21776,original
2020-05-21,49.271232,original
2020-05-22,45.88501466666667,original
2020-05-23,38.22768,original
2020-05-24,36.22190666666667,original
2020-05-25,43.607872,original
2020-05-26,38.53444533333333,original
2020-05-27,40.43993,original
2020-05-28,39.926688,original
2020-05-29,37.661344,original
2020-05-30,42.174334,original
2020-05-31,40.52842,original
2020-06-01,33.130656,original
2020-06-02,30.95970133333333,original
2020-06-03,29.284290666666667,original
2020-06-04,28.599968,original
2020-06-05,35.6066062,original
2020-06-06,44.14471133333333,original
2020-06-07,41.908864,original
2020-06-08,59.95492466666666,original
2020-06-09,88.78496666666666,original
2020-06-10,83.251392,original
2020-06-11,72.20784,original
2020-06-12,59.748447999999996,original
2020-06-13,46.72272,original
2020-06-14,39.926688,original
2020-06-15,37.095008,original
2020-06-16,36.69385333333333,original
2020-06-17,32.281152,original
2020-06-18,30.015808,original
2020-06-19,29.107310666666667,original
2020-06-20,28.0283226,original
2020-06-21,27.207725333333332,original
2020-06-22,26.8160096,original
2020-06-23,27.3150932,original
2020-06-24,28.1026542,original
2020-06-25,67.393984,original
2020-06-26,87.498912,original
2020-06-27,76.45536,original
2020-06-28,65.12864,original
2020-06-29,50.775562,original
2020-06-30,39.90899,original
2020-07-01,34.652684,original
2020-07-02,31.714816,original
2020-07-03,32.27525266666667,original
2020-07-04,33.048065333333334,original
2020-07-05,36.81184,original
2020-07-06,36.81184,original
2020-07-07,34.66448266666667,original
2020-07-08,37.51976,original
2020-07-09,39.926688,original
2020-07-10,37.378175999999996,original
2020-07-11,34.829664,original
2020-07-12,31.14848,original
2020-07-13,29.166304,original
2020-07-14,28.319159733333333,original
2020-07-15,27.431310066666665,original
2020-07-16,37.55633586666667,original
2020-07-17,52.03212,original
2020-07-18,44.227302,original
2020-07-19,33.791381333333334,original
2020-07-20,29.73264,original
2020-07-21,28.883136,original
2020-07-22,29.166304,original
2020-07-23,28.643623066666667,original
2020-07-24,28.0902656,original
2020-07-25,30.015808,original
2020-07-26,30.97739933333333,original
2020-07-27,34.57009333333333,original
2020-07-28,78.29005266666667,original
2020-07-29,106.90771866666667,original
2020-07-30,100.57773399999999,original
2020-07-31,68.74493133333334,original
2020-08-01,49.89656133333333,original
2020-08-02,39.926688,original
2020-08-03,36.245504,original
2020-08-04,34.49930133333333,original
2020-08-05,33.130656,original
2020-08-06,30.865312,original
2020-08-07,29.449472,original
2020-08-08,28.3168,original
2020-08-09,27.60888,original
2020-08-10,27.0142272,original
2020-08-11,26.5894752,original
2020-08-12,26.234925266666664,original
2020-08-13,26.6461088,original
2020-08-14,36.245504,original
2020-08-15,51.253408,original
2020-08-16,42.4752,original
2020-08-17,35.962336,original
2020-08-18,33.696992,original
2020-08-19,31.360856,original
2020-08-20,30.009908666666668,original
2020-08-21,31.962588,original
2020-08-22,31.425748666666667,original
2020-08-23,29.10849053333333,original
2020-08-24,28.004725266666664,original
2020-08-25,29.166304,original
2020-08-26,39.93258733333333,original
2020-08-27,75.88902399999999,original
2020-08-28,77.43464933333334,original
2020-08-29,81.074538,original
2020-08-30,86.649408,original
2020-08-31,81.269216,original
2020-09-01,82.67325733333334,original
2020-09-02,67.765642,original
2020-09-03,54.51573933333333,original
2020-09-04,41.05936,original
2020-09-05,35.962336,original
2020-09-06,33.98016,original
2020-09-07,37.643646,original
2020-09-08,32.56432,original
2020-09-09,30.582144,original
2020-09-10,29.166304,original
2020-09-11,28.599968,original
2020-09-12,28.599968,original
2020-09-13,30.298976,original
2020-09-14,30.298976,original
2020-09-15,29.325586,original
2020-09-16,28.1150428,original
2020-09-17,27.3557986,original
2020-09-18,26.825448533333333,original
2020-09-19,26.7310592,original
2020-09-20,27.3186328,original
2020-09-21,27.653714933333333,original
2020-09-22,28.599968,original
2020-09-23,31.997984,original
2020-09-24,30.582144,original
2020-09-25,31.14848,original
2020-09-26,35.112832,original
2020-09-27,58.615776,original
2020-09-28,69.092992,original
2020-09-29,46.156384,original
2020-09-30,34.829664,original
2020-10-01,31.47294333333333,original
2020-10-02,28.883136,original
2020-10-03,27.4389792,original
2020-10-04,26.751706866666666,original
2020-10-05,26.115758733333333,original
2020-10-06,25.636142933333335,original
2020-10-07,25.2585856,original
2020-10-08,25.305780266666666,original
2020-10-09,29.04300793333333,original
2020-10-10,47.56042533333333,original
2020-10-11,69.55903933333333,original
2020-10-12,70.491134,original
2020-10-13,55.784096,original
2020-10-14,44.67565133333333,original
2020-10-15,35.112832,original
2020-10-16,31.997984,original
2020-10-17,30.399264666666667,original
2020-10-18,28.599968,original
2020-10-19,27.9734588,original
2020-10-20,27.2973952,original
2020-10-21,26.8160096,original
2020-10-22,26.4195744,original
2020-10-23,26.198349399999998,original
2020-10-24,26.332264266666666,original
2020-10-25,26.8266284,original
2020-10-26,31.431648,original
2020-10-27,29.449472,original
2020-10-28,31.14848,original
2020-10-29,54.651424,original
2020-10-30,61.86040933333334,original
2020-10-31,53.08220133333333,original
2020-11-01,40.209856,original
2020-11-02,34.263328,original
2020-11-03,31.14848,original
2020-11-04,29.803432,original
2020-11-05,28.599968,original
2020-11-06,27.963429933333334,original
2020-11-07,27.6938304,original
2020-11-08,27.6655136,original
2020-11-09,27.4956128,original
2020-11-10,27.2089052,original
2020-11-11,27.027795666666666,original
2020-11-12,26.9221976,original
2020-11-13,26.476208,original
2020-11-14,26.167672866666667,original
2020-11-15,25.831410866666666,original
2020-11-16,25.620214733333334,original
2020-11-17,25.261535266666666,original
2020-11-18,24.9754176,original
2020-11-19,24.8621504,original
2020-11-20,24.8338336,original
2020-11-21,24.8338336,original
2020-11-22,24.7772,original
2020-11-23,24.6922496,original
2020-11-24,24.597270333333334,original
2020-11-25,24.8249846,original
2020-11-26,29.37573033333333,original
2020-11-27,39.655318666666666,original
2020-11-28,47.855392,original
2020-11-29,75.322688,original
2020-11-30,97.409792,original
2020-12-01,123.90369799999999,original
2020-12-02,178.06547733333332,original
2020-12-03,135.92064,original
2020-12-04,102.223648,original
2020-12-05,73.62368,original
2020-12-06,64.668492,original
2020-12-07,55.21776,original
2020-12-08,50.403904,original
2020-12-09,46.72272,original
2020-12-10,44.652054,original
2020-12-11,42.62858266666667,original
2020-12-12,41.41921933333333,original
2020-12-13,40.776192,original
2020-12-14,40.386836,original
2020-12-15,40.493024,original
2020-12-16,42.192032,original
2020-12-17,48.704896,original
2020-12-18,47.005888,original
2020-12-19,44.457376,original
2020-12-20,43.696362,original
2020-12-21,43.86744266666667,original
2020-12-22,42.82326066666667,original
2020-12-23,40.776192,original
2020-12-24,48.421728,original
2020-12-25,75.88902399999999,original
2020-12-26,88.44280533333334,original
2020-12-27,85.36335333333334,original
2020-12-28,73.075042,original
2020-12-29,56.067264,original
2020-12-30,51.094126,original
2020-12-31,47.37164666666667,original
2021-01-01,49.11784933333333,original
2021-01-02,54.085088,original
2021-01-03,56.48021733333333,original
2021-01-04,59.748447999999996,original
2021-01-05,51.819744,original
2021-01-06,46.72272,original
2021-01-07,45.17709466666667,original
2021-01-08,46.156384,original
2021-01-09,46.156384,original
2021-01-10,46.156384,original
2021-01-11,46.156384,original
2021-01-12,53.80192,original
2021-01-13,68.526656,original
2021-01-14,72.26683333333334,original
2021-01-15,65.411808,original
2021-01-16,53.235583999999996,original
2021-01-17,47.289056,original
2021-01-18,43.89104,original
2021-01-19,41.625696,original
2021-01-20,39.926688,original
2021-01-21,38.794016,original
2021-01-22,39.64352,original
2021-01-23,76.172192,original
2021-01-24,134.221632,original
2021-01-25,187.457216,original
2021-01-26,175.56416,original
2021-01-27,116.948384,original
2021-01-28,85.516736,original
2021-01-29,71.358336,original
2021-01-30,64.562304,original
2021-01-31,57.483104,original
2021-02-01,52.952416,original
2021-02-02,48.704896,original
2021-02-03,45.30688,original
2021-02-04,43.041536,original
2021-02-05,42.4752,original
2021-02-06,46.439552,original
2021-02-07,62.013792,original
2021-02-08,65.694976,original
2021-02-09,59.748447999999996,original
2021-02-10,53.235583999999996,original
2021-02-11,60.031616,original
2021-02-12,177.829504,original
2021-02-13,402.09856,original
2021-02-14,521.02912,original
2021-02-15,370.95008,original
2021-02-16,221.720544,original
2021-02-17,134.221632,original
2021-02-18,113.88073066666666,original
2021-02-19,170.183968,original
2021-02-20,231.14767866666668,original
2021-02-21,256.550208,original
2021-02-22,234.533896,original
2021-02-23,125.160256,original
2021-02-24,86.083072,original
2021-02-25,70.792,original
2021-02-26,63.429632,original
2021-02-27,58.332608,original
2021-02-28,54.651424,original
2021-03-01,51.536576,original
2021-03-02,51.819744,original
2021-03-03,73.906848,original
2021-03-04,95.710784,original
2021-03-05,96.74316733333333,original
2021-03-06,80.136544,original
2021-03-07,65.75986866666666,original
2021-03-08,54.84020266666667,original
2021-03-09,49.170943333333334,original
2021-03-10,45.84961866666667,original
2021-03-11,43.64916733333333,original
2021-03-12,41.908864,original
2021-03-13,40.776192,original
2021-03-14,39.802802,original
2021-03-15,38.89430466666667,original
2021-03-16,38.49315,original
2021-03-17,38.52264666666667,original
2021-03-18,53.44796,original
2021-03-19,74.614768,original
2021-03-20,79.853376,original
2021-03-21,71.80668533333333,original
2021-03-22,55.10567266666667,original
2021-03-23,47.112076,original
2021-03-24,84.59054066666666,original
2021-03-25,148.5983073333333,original
2021-03-26,206.146304,original
2021-03-27,242.09094199999998,original
2021-03-28,351.12832,original
2021-03-29,358.62047333333334,original
2021-03-30,176.130496,original
2021-03-31,95.710784,original
2021-04-01,79.003872,original
2021-04-02,78.437536,original
2021-04-03,80.136544,original
2021-04-04,72.20784,original
2021-04-05,57.766272,original
2021-04-06,52.10881133333333,original
2021-04-07,46.72272,original
2021-04-08,58.04944,original
2021-04-09,82.401888,original
2021-04-10,138.469152,original
2021-04-11,261.364064,original
2021-04-12,382.2768,original
2021-04-13,407.76192,original
2021-04-14,373.25082,original
2021-04-15,325.6432,original
2021-04-16,441.74208,original
2021-04-17,645.62304,original
2021-04-18,635.1812199999999,original
2021-04-19,495.6619866666667,original
2021-04-20,323.572534,original
2021-04-21,150.928544,original
2021-04-22,98.542464,original
2021-04-23,77.588032,original
2021-04-24,78.42573733333333,original
2021-04-25,140.6991,original
2021-04-26,279.769984,original
2021-04-27,374.54867333333334,original
2021-04-28,421.92032,original
2021-04-29,285.43924333333337,original
2021-04-30,124.25765799999999,original
2021-05-01,80.632088,original
2021-05-02,67.77744066666666,original
2021-05-03,73.92454599999999,original
2021-05-04,82.23670666666666,original
2021-05-05,118.93056,original
2021-05-06,178.608216,original
2021-05-07,193.39194533333333,original
2021-05-08,128.68805733333332,original
2021-05-09,91.75823066666666,original
2021-05-10,69.87760333333334,original
2021-05-11,95.32732733333333,original
2021-05-12,166.219616,original
2021-05-13,212.55298,original
2021-05-14,265.328416,original
2021-05-15,327.625376,original
2021-05-16,302.98976,original
2021-05-17,196.38880666666668,original
2021-05-18,101.94048,original
2021-05-19,121.16640733333332,original
2021-05-20,155.760098,original
2021-05-21,122.67663666666667,original
2021-05-22,81.552384,original
2021-05-23,68.19629333333333,original
2021-05-24,58.99333333333334,original
2021-05-25,52.38608,original
2021-05-26,49.802172,original
2021-05-27,46.72272,original
2021-05-28,45.023711999999996,original
2021-05-29,43.041536,original
2021-05-30,41.342528,original
2021-05-31,40.23935266666667,original
2021-06-01,38.510848,original
2021-06-02,40.37503733333333,original
2021-06-03,55.500928,original
2021-06-04,63.429632,original
2021-06-05,62.29696,original
2021-06-06,58.721964,original
2021-06-07,86.36034066666666,original
2021-06-08,348.29663999999997,original
2021-06-09,461.56383999999997,original
2021-06-10,325.3720817021277,original
2021-06-11,178.49612866666666,original
2021-06-12,90.896928,original
2021-06-13,69.98379133333334,original
2021-06-14,72.20784,original
2021-06-15,59.748447999999996,original
2021-06-16,50.97024,original
2021-06-17,46.72272,original
2021-06-18,45.45436333333333,original
2021-06-19,63.995968,original
2021-06-20,73.62368,original
2021-06-21,62.26746333333334,original
2021-06-22,50.569085333333334,original
2021-06-23,49.530802666666666,original
2021-06-24,55.61301533333333,original
2021-06-25,53.34767133333333,original
2021-06-26,66.39109733333333,original
2021-06-27,73.234324,original
2021-06-28,77.59983066666666,original
2021-06-29,82.401888,original
2021-06-30,74.06023066666665,original
2021-07-01,62.863296,original
2021-07-02,55.21776,original
2021-07-03,50.38030666666667,original
2021-07-04,48.988064,original
2021-07-05,48.988064,original
2021-07-06,54.368256,original
2021-07-07,68.809824,original
2021-07-08,59.960824,original
2021-07-09,58.67476933333334,original
2021-07-10,63.995968,original
2021-07-11,65.978144,original
2021-07-12,105.33849599999999,original
2021-07-13,126.292928,original
2021-07-14,104.68956933333334,original
2021-07-15,73.464398,original
2021-07-16,60.23809266666666,original
2021-07-17,75.83593,original
2021-07-18,86.40753533333334,original
2021-07-19,119.62668133333332,original
2021-07-20,146.291668,original
2021-07-21,188.873056,original
2021-07-22,279.80538,original
2021-07-23,289.114528,original
2021-07-24,186.501524,original
2021-07-25,107.00800733333334,original
2021-07-26,74.14282133333333,original
2021-07-27,73.87735133333334,original
2021-07-28,119.53819133333333,original
2021-07-29,110.06976133333333,original
2021-07-30,100.53643866666665,original
2021-07-31,80.578994,original
2021-08-01,60.232193333333335,original
2021-08-02,51.34779733333333,original
2021-08-03,49.33022533333333,original
2021-08-04,58.46829266666666,original
2021-08-05,91.84082133333334,original
2021-08-06,63.553518,original
2021-08-07,48.97626533333333,original
2021-08-08,43.961832,original
2021-08-09,41.431018,original
2021-08-10,39.956184666666665,original
2021-08-11,41.10655466666667,original
2021-08-12,38.71732466666667,original
2021-08-13,44.27449666666667,original
2021-08-14,46.82300866666667,original
2021-08-15,43.68456333333333,original
2021-08-16,42.56958933333333,original
2021-08-17,45.30688,original
2021-08-18,45.873216,original
2021-08-19,44.457376,original
2021-08-20,40.77029266666667,original
2021-08-21,38.28667333333333,original
2021-08-22,36.528672,original
2021-08-23,35.57298,original
2021-08-24,33.98016,original
2021-08-25,32.847488,original
2021-08-26,32.92417933333333,original
2021-08-27,34.14534133333333,original
2021-08-28,34.174838,original
2021-08-29,34.15714,original
2021-08-30,92.62543266666665,original
2021-08-31,306.64144733333336,original
2021-09-01,652.7612333333333,original
2021-09-02,472.89056,original
2021-09-03,323.15368133333334,original
2021-09-04,185.47504,original
2021-09-05,101.66911066666665,original
2021-09-06,66.827648,original
2021-09-07,62.060986666666665,original
2021-09-08,69.500046,original
2021-09-09,56.6336,original
2021-09-10,52.02032133333333,original
2021-09-11,47.005888,original
2021-09-12,44.829034,original
2021-09-13,42.192032,original
2021-09-14,42.4752,original
2021-09-15,66.80995,original
2021-09-16,196.7250686666667,original
2021-09-17,330.53374733333334,original
2021-09-18,394.01647333333335,original
2021-09-19,314.55245333333335,original
2021-09-20,269.51104333333336,original
2021-09-21,201.62151533333332,original
2021-09-22,128.505178,original
2021-09-23,84.48435266666667,original
2021-09-24,62.013792,original
2021-09-25,54.651424,original
2021-09-26,50.403904,original
2021-09-27,47.572224,original
2021-09-28,45.590047999999996,original
2021-09-29,46.156384,original
2021-09-30,54.368256,original
2021-10-01,65.54749266666666,original
2021-10-02,63.22315533333334,original
2021-10-03,57.47130533333333,original
2021-10-04,73.340512,original
2021-10-05,82.11872,original
2021-10-06,70.62091933333333,original
2021-10-07,60.314783999999996,original
2021-10-08,50.120736,original
2021-10-09,45.590047999999996,original
2021-10-10,42.758368,original
2021-10-11,41.63749466666667,original
2021-10-12,40.35733933333333,original
2021-10-13,39.077184,original
2021-10-14,38.51674733333333,original
2021-10-15,37.944511999999996,original
2021-10-16,37.095008,original
2021-10-17,36.245504,original
2021-10-18,35.48449,original
2021-10-19,34.929952666666665,original
2021-10-20,34.758872,original
2021-10-21,35.767658,original
2021-10-22,44.14471133333333,original
2021-10-23,36.528672,original
2021-10-24,35.325207999999996,original
2021-10-25,34.546496,original
2021-10-26,34.24563,original
2021-10-27,37.944511999999996,original
2021-10-28,123.461248,original
2021-10-29,139.884992,original
2021-10-30,74.473184,original
2021-10-31,51.536576,original
2021-11-01,45.77882666666667,original
2021-11-02,41.47231333333333,original
2021-11-03,39.11258,original
2021-11-04,37.378175999999996,original
2021-11-05,36.528672,original
2021-11-06,35.932839333333334,original
2021-11-07,35.396,original
2021-11-08,34.95944933333333,original
2021-11-09,34.263328,original
2021-11-10,33.98016,original
2021-11-11,33.98016,original
2021-11-12,33.696992,original
2021-11-13,33.696992,original
2021-11-14,33.166052,original
2021-11-15,32.847488,original
2021-11-16,32.56432,original
2021-11-17,32.56432,original
2021-11-18,32.281152,original
2021-11-19,32.281152,original
2021-11-20,31.821004,original
2021-11-21,31.431648,original
2021-11-22,31.797406666666667,original
2021-11-23,35.018442666666665,original
2021-11-24,36.115718666666666,original
2021-11-25,33.98605933333333,original
2021-11-26,33.413824,original
2021-11-27,32.56432,original
2021-11-28,32.12187,original
2021-11-29,31.997984,original
2021-11-30,31.909494,original
2021-12-01,31.431648,original
2021-12-02,31.14848,original
2021-12-03,31.14848,original
2021-12-04,31.124882666666668,original
2021-12-05,31.10718466666667,original
2021-12-06,31.04819133333333,original
2021-12-07,52.102911999999996,original
2021-12-08,65.21713,original
2021-12-09,53.49515466666667,original
2021-12-10,47.855392,original
2021-12-11,42.192032,original
2021-12-12,39.73201,original
2021-12-13,37.58465266666667,original
2021-12-14,35.96823533333333,original
2021-12-15,35.03614066666667,original
2021-12-16,34.263328,original
2021-12-17,33.98016,original
2021-12-18,33.98016,original
2021-12-19,37.661344,original
2021-12-20,39.52553333333333,original
2021-12-21,37.378175999999996,original
2021-12-22,37.378175999999996,original
2021-12-23,35.962336,original
2021-12-24,34.900456,original
2021-12-25,34.263328,original
2021-12-26,33.67339466666667,original
2021-12-27,33.130656,original
2021-12-28,32.64101133333333,original
2021-12-29,32.281152,original
2021-12-30,33.98016,original
2021-12-31,34.316422,original
2022-01-01,33.319434666666666,original
2022-01-02,32.72950133333333,original
2022-01-03,39.077184,original
2022-01-04,35.396,original
2022-01-05,34.22203266666667,original
2022-01-06,33.413824,original
2022-01-07,32.281152,original
2022-01-08,31.431648,original
2022-01-09,31.14848,original
2022-01-10,31.879997333333332,original
2022-01-11,33.98016,original
2022-01-12,32.56432,original
2022-01-13,31.14848,original
2022-01-14,31.030493333333332,original
2022-01-15,30.688332,original
2022-01-16,32.43453466666667,original
2022-01-17,34.546496,original
2022-01-18,33.413824,original
2022-01-19,33.531810666666665,original
2022-01-20,32.56432,original
2022-01-21,35.03024133333333,original
2022-01-22,37.944511999999996,original
2022-01-23,41.531306666666666,original
2022-01-24,41.908864,original
2022-01-25,38.62293533333333,original
2022-01-26,43.660966,original
2022-01-27,45.21249066666667,original
2022-01-28,43.607872,original
2022-01-29,41.56080333333333,original
2022-01-30,37.17759866666667,original
2022-01-31,34.546496,original
2022-02-01,33.679294,original
2022-02-02,34.09224733333333,original
2022-02-03,45.590047999999996,original
2022-02-04,122.328576,original
2022-02-05,170.22526333333332,original
2022-02-06,117.03097466666668,original
2022-02-07,65.411808,original
2022-02-08,55.57761933333333,original
2022-02-09,48.173956,original
2022-02-10,44.06802,original
2022-02-11,41.40742066666667,original
2022-02-12,39.46654,original
2022-02-13,38.09789466666667,original
2022-02-14,36.87083333333333,original
2022-02-15,35.856148,original
2022-02-16,35.112832,original
2022-02-17,35.112832,original
2022-02-18,39.33675466666667,original
2022-02-19,50.28591733333333,original
2022-02-20,55.123370666666666,original
2022-02-21,54.934592,original
2022-02-22,47.766902,original
2022-02-23,41.342528,original
2022-02-24,40.7054,original
2022-02-25,39.91488933333333,original
2022-02-26,42.19793133333333,original
2022-02-27,46.16228333333333,original
2022-02-28,44.457376,original
2022-03-01,40.776192,original
2022-03-02,38.22768,original
2022-03-03,37.071410666666665,original
2022-03-04,35.679168,original
2022-03-05,34.829664,original
2022-03-06,34.263328,original
2022-03-07,34.263328,original
2022-03-08,34.151240666666666,original
2022-03-09,33.661596,original
2022-03-10,33.378428,original
2022-03-11,33.413824,original
2022-03-12,34.546496,original
2022-03-13,35.679168,original
2022-03-14,34.192536,original
2022-03-15,35.83845,original
2022-03-16,55.47733066666667,original
2022-03-17,64.279136,original
2022-03-18,66.30850666666666,original
2022-03-19,86.82048866666666,original
2022-03-20,134.90595466666667,original
2022-03-21,146.99368866666669,original
2022-03-22,109.355942,original
2022-03-23,78.88588533333333,original
2022-03-24,113.2672,original
2022-03-25,192.271072,original
2022-03-26,257.00445666666667,original
2022-03-27,294.49472,original
2022-03-28,124.027584,original
2022-03-29,72.774176,original
2022-03-30,61.730624,original
2022-03-31,73.340512,original
2022-04-01,99.958304,original
2022-04-02,103.073152,original
2022-04-03,92.0296,original
2022-04-04,80.755974,original
2022-04-05,63.14056466666666,original
2022-04-06,107.887008,original
2022-04-07,142.71077266666668,original
2022-04-08,162.255264,original
2022-04-09,128.14531866666667,original
2022-04-10,90.51347133333334,original
2022-04-11,63.748196,original
2022-04-12,53.80192,original
2022-04-13,65.694976,original
2022-04-14,101.374144,original
2022-04-15,147.24736,original
2022-04-16,141.017664,original
2022-04-17,119.213728,original
2022-04-18,128.558272,original
2022-04-19,118.90696266666667,original
2022-04-20,97.409792,original
2022-04-21,85.39285,original
2022-04-22,64.279136,original
2022-04-23,56.84007666666667,original
2022-04-24,50.875850666666665,original
2022-04-25,47.24186133333333,original
2022-04-26,46.156384,original
2022-04-27,47.97337866666667,original
2022-04-28,43.041536,original
2022-04-29,40.776192,original
2022-04-30,39.077184,original
2022-05-01,38.333868,original
2022-05-02,38.558042666666665,original
2022-05-03,37.378175999999996,original
2022-05-04,36.56996733333333,original
2022-05-05,35.679168,original
2022-05-06,37.378175999999996,original
2022-05-07,39.926688,original
2022-05-08,36.528672,original
2022-05-09,34.546496,original
2022-05-10,33.413824,original
2022-05-11,32.847488,original
2022-05-12,31.997984,original
2022-05-13,31.95078933333333,original
2022-05-14,37.979908,original
2022-05-15,48.13856,original
2022-05-16,44.628456666666665,original
2022-05-17,38.794016,original
2022-05-18,35.932839333333334,original
2022-05-19,33.413824,original
2022-05-20,32.316548,original
2022-05-21,31.34905733333333,original
2022-05-22,31.142580666666667,original
2022-05-23,31.52603733333333,original
2022-05-24,32.56432,original
2022-05-25,33.879871333333334,original
2022-05-26,40.670004,original
2022-05-27,53.377168,original
2022-05-28,60.798529333333335,original
2022-05-29,52.29169066666667,original
2022-05-30,40.25115133333333,original
2022-05-31,34.546496,original
2022-06-01,33.201448,original
2022-06-02,32.56432,original
2022-06-03,32.55252133333333,original
2022-06-04,34.21613333333333,original
2022-06-05,32.64101133333333,original
2022-06-06,31.75611133333333,original
2022-06-07,30.405164,original
2022-06-08,29.31968666666667,original
2022-06-09,28.712055333333335,original
2022-06-10,30.298976,original
2022-06-11,51.819744,original
2022-06-12,58.615776,original
2022-06-13,45.30688,original
2022-06-14,35.962336,original
2022-06-15,32.281152,original
2022-06-16,30.9715,original
2022-06-17,29.73264,original
2022-06-18,29.166304,original
2022-06-19,28.175216,original
2022-06-20,27.689700866666666,original
2022-06-21,27.172294113432837,original
2022-06-22,26.915708333333335,original
2022-06-23,27.60888,original
2022-06-24,26.857009966666666,original
2022-06-25,26.2496736,original
2022-06-26,26.7876928,original
2022-06-27,29.22146276666667,original
2022-06-28,37.095008,original
2022-06-29,33.98016,original
2022-06-30,33.89167,original
2022-07-01,33.72943833333333,original
2022-07-02,36.316296,original
2022-07-03,36.79709166666667,original
2022-07-04,34.546496,original
2022-07-05,32.422736,original
2022-07-06,66.261312,original
2022-07-07,73.057344,original
2022-07-08,56.916768,original
2022-07-09,47.005888,original
2022-07-10,37.661344,original
2022-07-11,39.077184,original
2022-07-12,42.4752,original
2022-07-13,36.48147733333333,original
2022-07-14,32.281152,original
2022-07-15,36.86198433333333,original
2022-07-16,40.209856,original
2022-07-17,37.746884333333334,original
2022-07-18,32.847488,original
2022-07-19,31.06293966666667,original
2022-07-20,30.281278,original
2022-07-21,28.962777,original
2022-07-22,30.582144,original
2022-07-23,30.785671,original
2022-07-24,34.66448266666667,original
2022-07-25,34.121744,original
2022-07-26,34.63203633333333,original
2022-07-27,32.638061666666665,original
2022-07-28,30.582144,original
2022-07-29,29.502565999999998,original
2022-07-30,29.52616333333333,original
2022-07-31,30.45530833333333,original
2022-08-01,43.89104,original
2022-08-02,46.58408566666667,original
2022-08-03,43.041536,original
2022-08-04,49.837568,original
2022-08-05,53.11933608421052,original
2022-08-06,65.013603,original
2022-08-07,52.07341533333333,original
2022-08-08,45.590047999999996,original
2022-08-09,41.908864,original
2022-08-10,41.21569233333333,original
2022-08-11,37.378175999999996,original
2022-08-12,42.4752,original
2022-08-13,43.041536,original
2022-08-14,39.077184,original
2022-08-15,34.829664,original
2022-08-16,33.25749166666667,original
2022-08-17,32.242806333333334,original
2022-08-18,30.47300633333333,original
2022-08-19,33.201448,original
2022-08-20,44.740544,original
2022-08-21,54.368256,original
2022-08-22,51.223911333333334,original
2022-08-23,45.855518,original
2022-08-24,61.60083866666666,original
2022-08-25,119.96294333333333,original
2022-08-26,180.09484799999998,original
2022-08-27,227.95024,original
2022-08-28,276.371968,original
2022-08-29,247.20566399999998,original
2022-08-30,127.142432,original
2022-08-31,82.711603,original
2022-09-01,62.279261999999996,original
2022-09-02,60.500613,original
2022-09-03,55.21776,original
2022-09-04,56.55100933333333,original
2022-09-05,61.447456,original
2022-09-06,60.597952,original
2022-09-07,58.06136286315789,original
2022-09-08,57.40641266666667,original
2022-09-09,60.323633,original
2022-09-10,58.589228999999996,original
2022-09-11,57.562745,original
2022-09-12,45.044359666666665,original
2022-09-13,43.607872,original
2022-09-14,38.22768,original
2022-09-15,35.70866466666667,original
2022-09-16,33.57015633333333,original
2022-09-17,32.23395733333333,original
2022-09-18,30.865312,original
2022-09-19,30.45235866666667,original
2022-09-20,29.72084133333333,original
2022-09-21,28.883136,original
2022-09-22,28.3168,original
2022-09-23,27.894997666666665,original
2022-09-24,27.320697566666666,original
2022-09-25,26.7160159,original
2022-09-26,26.3629408,original
2022-09-27,25.8249216,original
2022-09-28,25.1170016,original
2022-09-29,24.6072992,original
2022-09-30,24.316757033333335,original
2022-10-01,24.0542367,original
2022-10-02,23.832716733333335,original
2022-10-03,23.5312608,original
2022-10-04,23.3330432,original
2022-10-05,23.2711002,original
2022-10-06,23.163142399999998,original
2022-10-07,23.088220866666664,original
2022-10-08,22.8516576,original
2022-10-09,22.700634666666666,original
2022-10-10,22.3985888,original
2022-10-11,22.3136384,original
2022-10-12,22.2570048,original
2022-10-13,22.370272,original
2022-10-14,22.3932794,original
2022-10-15,22.2649689,original
2022-10-16,22.0614419,original
2022-10-17,21.975016666666665,original
2022-10-18,21.952304233333333,original
2022-10-19,21.7756192,original
2022-10-20,21.7012876,original
2022-10-21,21.7012876,original
2022-10-22,21.7756192,original
2022-10-23,21.7473024,original
2022-10-24,21.6915537,original
2022-10-25,21.7756192,original
2022-10-26,22.0587872,original
2022-10-27,21.908944133333335,original
2022-10-28,21.6030637,original
2022-10-29,21.781223566666664,original
2022-10-30,24.465715199999998,original
2022-10-31,25.0886848,original
2022-11-01,23.4746272,original
2022-11-02,22.889118366666665,original
2022-11-03,22.5684896,original
2022-11-04,22.3853153,original
2022-11-05,23.185854833333334,original
2022-11-06,33.01620893333333,original
2022-11-07,36.72629966666667,original
2022-11-08,30.582144,original
2022-11-09,28.1468992,original
2022-11-10,26.145550366666665,original
2022-11-11,24.501406166666666,original
2022-11-12,23.795550933333335,original
2022-11-13,23.380237866666665,original
2022-11-14,23.118307466666664,original
2022-11-15,25.383946433333335,original
2022-11-16,33.334183,original
2022-11-17,31.27826533333333,original
2022-11-18,27.821255999999998,original
2022-11-19,26.320170633333333,original
2022-11-20,25.3709679,original
2022-11-21,24.696084166666665,original
2022-11-22,24.1259136,original
2022-11-23,23.947458766666664,original
2022-11-24,24.352448,original
2022-11-25,46.0484262,original
2022-11-26,113.55036799999999,original
2022-11-27,90.330592,original
2022-11-28,85.94443766666666,original
2022-11-29,66.67131566666666,original
2022-11-30,62.39134933333334,original
2022-12-01,97.52187933333333,original
2022-12-02,101.21191233333333,original
2022-12-03,80.49345366666667,original
2022-12-04,58.898944,original
2022-12-05,51.32125033333333,original
2022-12-06,45.76407833333333,original
2022-12-07,42.602035666666666,original
2022-12-08,40.55201733333333,original
2022-12-09,39.04768733333333,original
2022-12-10,37.93271333333333,original
2022-12-11,37.330981333333334,original
2022-12-12,41.33662866666667,original
2022-12-13,50.73721633333333,original
2022-12-14,60.597952,original
2022-12-15,105.904832,original
2022-12-16,104.77216,original
2022-12-17,102.47731933333334,original
2022-12-18,132.805792,original
2022-12-19,116.93363566666667,original
2022-12-20,91.18009599999999,original
2022-12-21,148.380032,original
2022-12-22,192.67517633333333,original
2022-12-23,143.56617599999998,original
2022-12-24,107.60384,original
2022-12-25,77.8712,original
2022-12-26,63.7128,original
2022-12-27,56.916768,original
2022-12-28,52.38608,original
2022-12-29,50.368508,original
2022-12-30,58.615776,original
2022-12-31,105.76619766666666,original
2023-01-01,208.977984,original
2023-01-02,174.14831999999998,original
2023-01-03,132.770396,original
2023-01-04,183.209696,original
2023-01-05,252.869024,original
2023-01-06,272.83531766666664,original
2023-01-07,220.304704,original
2023-01-08,118.081056,original
2023-01-09,91.07544695652174,original
2023-01-10,82.11872,original
2023-01-11,79.959564,original
2023-01-12,76.906659,original
2023-01-13,70.792,original
2023-01-14,65.411808,original
2023-01-15,62.863296,original
2023-01-16,59.2959947826087,original
2023-01-17,54.085088,original
2023-01-18,51.819744,original
2023-01-19,50.97024,original
2023-01-20,53.235583999999996,original
2023-01-21,64.279136,original
2023-01-22,94.011776,original
2023-01-23,113.125616,original
2023-01-24,165.086944,original
2023-01-25,185.92633899999998,original
2023-01-26,216.207617,original
2023-01-27,293.20571566666666,original
2023-01-28,314.52295666666663,original
2023-01-29,249.10229966666665,original
2023-01-30,271.84128,original
2023-01-31,310.57040333333333,original
2023-02-01,453.0688,original
2023-02-02,481.0611366666667,original
2023-02-03,362.30755666666664,original
2023-02-04,224.83539199999998,original
2023-02-05,186.607712,original
2023-02-06,149.229536,original
2023-02-07,117.231552,original
2023-02-08,96.47474766666666,original
2023-02-09,102.44782266666667,original
2023-02-10,173.298816,original
2023-02-11,280.902656,original
2023-02-12,359.62336,original
2023-02-13,311.4848,original
2023-02-14,222.28688,original
2023-02-15,159.450131,original
2023-02-16,117.302344,original
2023-02-17,101.72220466666666,original
2023-02-18,159.706752,original
2023-02-19,342.63328,original
2023-02-20,450.5615833333333,original
2023-02-21,375.9350166666666,original
2023-02-22,162.255264,original
2023-02-23,110.08745933333334,original
2023-02-24,86.36624,original
2023-02-25,79.36963066666667,original
2023-02-26,70.792,original
2023-02-27,65.694976,original
2023-02-28,61.447456,original
2023-03-01,58.04944,original
2023-03-02,55.500928,original
2023-03-03,53.518752,original
2023-03-04,51.536576,original
2023-03-05,49.5544,original
2023-03-06,48.13856,original
2023-03-07,47.34215,original
2023-03-08,46.619481666666665,original
2023-03-09,45.86141733333333,original
2023-03-10,44.98536633333333,original
2023-03-11,44.147661,original
2023-03-12,43.68456333333333,original
2023-03-13,43.43679133333333,original
2023-03-14,46.52214266666667,original
2023-03-15,52.42442566666667,original
2023-03-16,51.45398533333333,original
2023-03-17,46.34811233333333,original
2023-03-18,69.942496,original
2023-03-19,89.88519233333334,original
2023-03-20,95.551502,original
2023-03-21,86.932576,original
2023-03-22,73.17828033333333,original
2023-03-23,54.368256,original
2023-03-24,49.271232,original
2023-03-25,47.005888,original
2023-03-26,46.174082,original
2023-03-27,44.71989633333333,original
2023-03-28,60.597952,original
2023-03-29,86.251203,original
2023-03-30,71.358336,original
2023-03-31,56.067264,original
2023-04-01,49.37280313043478,original
2023-04-02,45.11515166666667,original
2023-04-03,41.908864,original
2023-04-04,40.209856,original
2023-04-05,39.077184,original
2023-04-06,38.351566,original
2023-04-07,41.05936,original
2023-04-08,65.92210033333333,original
2023-04-09,131.106784,original
2023-04-10,134.787968,original
2023-04-11,109.01968,original
2023-04-12,82.401888,original
2023-04-13,61.164288,original
2023-04-14,54.173578,original
2023-04-15,48.704896,original
2023-04-16,50.403904,original
2023-04-17,64.845472,original
2023-04-18,73.61778066666666,original
2023-04-19,73.057344,original
2023-04-20,59.46528,original
2023-04-21,49.81692033333333,original
2023-04-22,44.112265,original
2023-04-23,41.947209666666666,original
2023-04-24,39.077184,original
2023-04-25,37.661344,original
2023-04-26,36.245504,original
2023-04-27,38.510848,original
2023-04-28,41.342528,original
2023-04-29,39.64352,original
2023-04-30,45.590047999999996,original
2023-05-01,45.30688,original
2023-05-02,39.077184,original
2023-05-03,38.13329066666667,original
2023-05-04,36.298598,original
2023-05-05,35.07448633333333,original
2023-05-06,43.324704,original
2023-05-07,53.235583999999996,original
2023-05-08,49.271232,original
2023-05-09,45.023711999999996,original
2023-05-10,41.625696,original
2023-05-11,43.041536,original
2023-05-12,44.404282,original
2023-05-13,86.879482,original
2023-05-14,76.87716233333333,original
2023-05-15,56.29143866666667,original
2023-05-16,46.72272,original
2023-05-17,41.84397133333333,original
2023-05-18,43.864492999999996,original
2023-05-19,45.460262666666665,original
2023-05-20,40.56676566666667,original
2023-05-21,37.991706666666666,original
2023-05-22,36.652558,original
2023-05-23,34.18073733333333,original
2023-05-24,32.70885366666667,original
2023-05-25,31.431648,original
2023-05-26,30.865312,original
2023-05-27,30.015808,original
2023-05-28,29.449472,original
2023-05-29,29.077814,original
2023-05-30,29.299039,original
2023-05-31,29.178102666666668,original
2023-06-01,28.244533166666667,original
2023-06-02,27.669643133333334,original
2023-06-03,27.1558112,original
2023-06-04,27.064371533333333,original
2023-06-05,26.8726432,original
2023-06-06,28.1185824,original
2023-06-07,27.184128,original
2023-06-08,27.3540288,original
2023-06-09,29.338269566666668,original
2023-06-10,30.198687333333332,original
2023-06-11,28.5176723,original
2023-06-12,33.36073,original
2023-06-13,30.298976,original
2023-06-14,30.17509,original
2023-06-15,28.883136,original
2023-06-16,27.920364799999998,original
2023-06-17,29.73264,original
2023-06-18,31.32546,original
2023-06-19,30.16919066666667,original
2023-06-20,28.1185824,original
2023-06-21,29.9928006,original
2023-06-22,36.528672,original
2023-06-23,30.582144,original
2023-06-24,28.132150866666667,original
2023-06-25,27.585577633333333,original
2023-06-26,26.6461088,original
2023-06-27,25.5417536,original
2023-06-28,24.9754176,original
2023-06-29,24.5789824,original
2023-06-30,24.3011238,original
2023-07-01,23.866342933333335,original
2023-07-02,23.446310399999998,original
2023-07-03,23.242488433333335,original
2023-07-04,22.954306,original
2023-07-05,22.811247166666664,original
2023-07-06,23.7082408,original
2023-07-07,25.4435297,original
2023-07-08,42.8716352,original
2023-07-09,39.05358666666667,original
2023-07-10,30.437610333333332,original
2023-07-11,30.40811366666667,original
2023-07-12,29.921418666666668,original
2023-07-13,33.130656,original
2023-07-14,38.22768,original
2023-07-15,31.431648,original
2023-07-16,27.637196799999998,original
2023-07-17,26.734893766666666,original
2023-07-18,27.259049533333336,original
2023-07-19,25.6550208,original
2023-07-20,24.870409466666665,original
2023-07-21,23.786112,original
2023-07-22,23.263726033333334,original
2023-07-23,23.4746272,original
2023-07-24,25.3152192,original
2023-07-25,24.3604121,original
2023-07-26,23.0038604,original
2023-07-27,22.243436333333335,original
2023-07-28,22.268803466666665,original
2023-07-29,22.308918933333334,original
2023-07-30,21.682409733333333,original
2023-07-31,21.4021914,original
2023-08-01,21.0393824,original
2023-08-02,21.7765041,original
2023-08-03,21.4641344,original
2023-08-04,20.8730212,original
2023-08-05,20.388096,original
2023-08-06,20.1854539,original
2023-08-07,19.9491856,original
2023-08-08,19.7766301,original
2023-08-09,19.7368096,original
2023-08-10,19.6341612,original
2023-08-11,19.4660302,original
2023-08-12,19.255424,original
2023-08-13,19.1191494,original
2023-08-14,18.9156224,original
2023-08-15,19.041868133333335,original
2023-08-16,19.233596466666665,original
2023-08-17,18.737167566666667,original
2023-08-18,18.4979496,original
2023-08-19,18.40592,original
2023-08-20,18.3492864,original
2023-08-21,18.2324796,original
2023-08-22,18.1395651,original
2023-08-23,18.016564,original
2023-08-24,17.9732039,original
2023-08-25,17.914505533333333,original
2023-08-26,17.7829504,original
2023-08-27,17.725726866666665,original
2023-08-28,17.9245344,original
2023-08-29,18.4899855,original
2023-08-30,21.577401599999998,original
2023-08-31,19.988416166666664,original
2023-09-01,18.7766931,original
2023-09-02,18.5191872,original
2023-09-03,18.6784692,original
2023-09-04,18.518892233333336,original
2023-09-05,18.478186833333336,original
2023-09-06,18.2077024,original
2023-09-07,18.2360192,original
2023-09-08,19.436533533333336,original
2023-09-09,19.720291466666666,original
2023-09-10,19.132127933333333,original
2023-09-11,18.3776032,original
2023-09-12,18.1271765,original
2023-09-13,17.981168,original
2023-09-14,17.981168,original
2023-09-15,17.8917931,original
2023-09-16,17.905656533333335,original
2023-09-17,17.7546336,original
2023-09-18,17.607150266666665,original
2023-09-19,17.3581984,original
2023-09-20,17.294780566666667,original
2023-09-21,17.237557033333335,original
2023-09-22,17.2166144,original
2023-09-23,17.2166144,original
2023-09-24,17.379730966666667,original
2023-09-25,17.9032968,original
2023-09-26,19.168113866666666,original
2023-09-27,19.656873633333333,original
2023-09-28,18.569036566666664,original
2023-09-29,17.9528512,original
2023-09-30,17.698,original
2023-10-01,17.5316388,original
2023-10-02,17.326047033333335,original
2023-10-03,17.213664733333335,original
2023-10-04,17.211894933333333,original
2023-10-05,17.2387369,original
2023-10-06,17.4121773,original
2023-10-07,17.534588466666666,original
2023-10-08,17.414832,original
2023-10-09,17.355838666666667,original
2023-10-10,17.414832,original
2023-10-11,17.5909271,original
2023-10-12,19.414706,original
2023-10-13,21.1243328,original
2023-10-14,19.9916608,original
2023-10-15,19.391403633333333,original
2023-10-16,18.8023552,original
2023-10-17,18.6324544,original
2023-10-18,18.6324544,original
2023-10-19,18.620655733333333,original
2023-10-20,18.623900366666664,original
2023-10-21,18.6590014,original
2023-10-22,18.563137233333332,original
2023-10-23,18.5191872,original
2023-10-24,18.4625536,original
2023-10-25,18.40592,original
2023-10-26,18.4174237,original
2023-10-27,18.4430858,original
2023-10-28,18.481136499999998,original
2023-10-29,18.5059137,original
2023-10-30,18.498244566666667,original
2023-10-31,18.463733466666664,original
2023-11-01,18.4342368,original
2023-11-02,18.5191872,original
2023-11-03,18.617116133333333,original
2023-11-04,18.8147438,original
2023-11-05,19.0005728,original
2023-11-06,18.9881842,original
2023-11-07,19.009716766666667,original
2023-11-08,19.014141266666666,original
2023-11-09,19.0288896,original
2023-11-10,19.083458433333334,original
2023-11-11,19.2191431,original
2023-11-12,19.4093966,original
2023-11-13,19.619707833333333,original
2023-11-14,20.074546433333335,original
2023-11-15,21.0393824,original
2023-11-16,21.568257633333335,original
2023-11-17,21.698042966666666,original
2023-11-18,21.3464427,original
2023-11-19,21.5490848,original
2023-11-20,20.954432,original
2023-11-21,22.0587872,original
2023-11-22,27.3823456,original
2023-11-23,28.599968,original
2023-11-24,27.966969533333334,original
2023-11-25,28.9840146,original
2023-11-26,24.635616,original
2023-11-27,23.163142399999998,original
2023-11-28,22.5959215,original
2023-11-29,22.057312366666665,original
2023-11-30,21.814259833333335,original
2023-12-01,24.2958144,original
2023-12-02,33.652747,original
2023-12-03,42.112391,original
2023-12-04,38.92494313978494,original
2023-12-05,33.41087433333333,original
2023-12-06,28.599968,original
2023-12-07,26.816599533333335,original
2023-12-08,25.1170016,original
2023-12-09,24.5223488,original
2023-12-10,25.221714766666665,original
2023-12-11,30.298976,original
2023-12-12,29.449472,original
2023-12-13,30.582144,original
2023-12-14,28.599968,original
2023-12-15,26.8814922,original
2023-12-16,25.623754333333334,original
2023-12-17,26.155284266666666,original
2023-12-18,27.6380817,original
2023-12-19,27.892048,original
2023-12-20,26.334623999999998,original
2023-12-21,25.48512,original
2023-12-22,25.032051199999998,original
2023-12-23,24.7205664,original
2023-12-24,25.343536,original
2023-12-25,33.892849866666666,original
2023-12-26,48.56626166666667,original
2023-12-27,43.324704,original
2023-12-28,38.714375,original
2023-12-29,33.98016,original
2023-12-30,30.582144,original
2023-12-31,28.883136,original
2024-01-01,27.8637312,original
2024-01-02,27.317452933333335,original
2024-01-03,26.821908933333333,original
2024-01-04,26.476208,original
2024-01-05,26.353501866666665,original
2024-01-06,31.8024211,original
2024-01-07,41.23928966666667,original
2024-01-08,38.510848,original
2024-01-09,88.065248,original
2024-01-10,154.609728,original
2024-01-11,170.467136,original
2024-01-12,176.130496,original
2024-01-13,147.24736,original
2024-01-14,83.251392,original
2024-01-15,57.766272,original
2024-01-16,51.908234,original
2024-01-17,45.30688,original
2024-01-18,42.528294,original
2024-01-19,39.64352,original
2024-01-20,38.64948233333333,original
2024-01-21,36.528672,original
2024-01-22,35.537584,original
2024-01-23,34.546496,original
2024-01-24,36.84133666666667,original
2024-01-25,126.90940833333332,original
2024-01-26,280.25077966666663,original
2024-01-27,406.02161666666666,original
2024-01-28,456.99185666666665,original
2024-01-29,445.87161333333336,original
2024-01-30,399.9748,original
2024-01-31,232.19776,original
2024-02-01,122.045408,original
2024-02-02,83.251392,original
2024-02-03,71.738843,original
2024-02-04,86.99156933333333,original
2024-02-05,142.52494366666667,original
2024-02-06,223.985888,original
2024-02-07,203.031456,original
2024-02-08,126.292928,original
2024-02-09,85.799904,original
2024-02-10,72.305179,original
2024-02-11,62.863296,original
2024-02-12,61.730624,original
2024-02-13,74.473184,original
2024-02-14,83.89441933333333,original
2024-02-15,91.746432,original
2024-02-16,96.35676099999999,original
2024-02-17,75.06016766666666,original
2024-02-18,59.769095666666665,original
2024-02-19,52.102911999999996,original
2024-02-20,48.421728,original
2024-02-21,46.156384,original
2024-02-22,44.72579566666667,original
2024-02-23,43.041536,original
2024-02-24,41.625696,original
2024-02-25,40.876480666666666,original
2024-02-26,39.360352,original
2024-02-27,38.578690333333334,original
2024-02-28,37.661344,original
2024-02-29,37.23954166666667,original
2024-03-01,37.661344,original
2024-03-02,64.447267,original
2024-03-03,104.77216,original
2024-03-04,89.19792,original
2024-03-05,82.60246533333334,original
2024-03-06,75.03952,original
2024-03-07,90.896928,original
2024-03-08,90.00907833333333,original
2024-03-09,92.74341933333334,original
2024-03-10,174.1807663333333,original
2024-03-11,285.21506866666664,original
2024-03-12,193.686912,original
2024-03-13,98.542464,original
2024-03-14,70.508832,original
2024-03-15,61.730624,original
2024-03-16,64.279136,original
2024-03-17,73.62368,original
2024-03-18,87.259989,original
2024-03-19,128.000785,original
2024-03-20,128.124671,original
2024-03-21,102.96991366666666,original
2024-03-22,71.641504,original
2024-03-23,61.164288,original
2024-03-24,54.651424,original
2024-03-25,49.837568,original
2024-03-26,49.837568,original
2024-03-27,75.322688,original
2024-03-28,111.07559766666667,original
2024-03-29,125.79148466666668,original
2024-03-30,106.32368466666667,original
2024-03-31,73.36410933333333,original
2024-04-01,56.41827433333333,original
2024-04-02,48.704896,original
2024-04-03,45.023711999999996,original
2024-04-04,42.192032,original
2024-04-05,39.926688,original
2024-04-06,37.944511999999996,original
2024-04-07,36.528672,original
2024-04-08,35.962336,original
2024-04-09,35.962336,original
2024-04-10,39.953235,original
2024-04-11,71.98366533333333,original
2024-04-12,97.69296,original
2024-04-13,83.366429,original
2024-04-14,61.447456,original
2024-04-15,48.988064,original
2024-04-16,44.236151,original
2024-04-17,39.64352,original
2024-04-18,38.041851,original
2024-04-19,36.245504,original
2024-04-20,35.112832,original
2024-04-21,34.263328,original
2024-04-22,34.546496,original
2024-04-23,35.962336,original
2024-04-24,45.023711999999996,original
2024-04-25,40.209856,original
2024-04-26,35.112832,original
2024-04-27,33.316485,original
2024-04-28,31.714816,original
2024-04-29,31.997984,original
2024-04-30,32.281152,original
2024-05-01,31.997984,original
2024-05-02,31.431648,original
2024-05-03,31.431648,original
2024-05-04,31.201574,original
2024-05-05,30.582144,original
2024-05-06,29.73264,original
2024-05-07,29.166304,original
2024-05-08,28.883136,original
2024-05-09,28.510888066666666,original
2024-05-10,27.892048,original
2024-05-11,31.714816,original
2024-05-12,34.546496,original
2024-05-13,44.457376,original
2024-05-14,99.1088,original
2024-05-15,188.30671999999998,original
2024-05-16,248.055168,original
2024-05-17,261.080896,original
2024-05-18,188.30671999999998,original
2024-05-19,111.001856,original
2024-05-20,90.330592,original
2024-05-21,72.774176,original
2024-05-22,56.067264,original
2024-05-23,47.005888,original
2024-05-24,42.192032,original
2024-05-25,38.794016,original
2024-05-26,36.962272999999996,original
2024-05-27,35.03024133333333,original
2024-05-28,33.652747,original
2024-05-29,32.40208833333333,original
2024-05-30,33.98016,original
2024-05-31,38.794016,original
2024-06-01,43.041536,original
2024-06-02,45.475011,original
2024-06-03,52.102911999999996,original
2024-06-04,46.29501833333333,original
2024-06-05,39.077184,original
2024-06-06,39.077184,original
2024-06-07,45.510407,original
2024-06-08,57.40936233333333,original
2024-06-09,56.332734,original
2024-06-10,42.838009,original
2024-06-11,35.112832,original
2024-06-12,31.997984,original
2024-06-13,30.298976,original
2024-06-14,29.166304,original
2024-06-15,28.175216,original
2024-06-16,27.6655136,original
2024-06-17,27.549001766666667,original
2024-06-18,28.764264433333334,original
2024-06-19,29.166304,original
2024-06-20,28.883136,original
2024-06-21,28.232144566666665,original
2024-06-22,26.968802333333333,original
2024-06-23,26.159708766666665,original
2024-06-24,25.605761366666666,original
2024-06-25,25.316989,original
2024-06-26,25.020252533333334,original
2024-06-27,24.984561566666667,original
2024-06-28,24.357167466666667,original
2024-06-29,24.793423166666667,original
2024-06-30,25.0851452,original
2024-07-01,27.062601733333334,original
2024-07-02,27.551656466666664,original
2024-07-03,26.2310907,original
2024-07-04,24.587536433333334,original
2024-07-05,24.9471008,original
2024-07-06,27.325712,original
2024-07-07,28.883136,original
2024-07-08,34.546496,original
2024-07-09,31.47884266666667,original
2024-07-10,27.7221472,original
2024-07-11,26.2231266,original
2024-07-12,24.842977566666665,original
2024-07-13,24.212043866666665,original
2024-07-14,24.465715199999998,original
2024-07-15,24.3241312,original
2024-07-16,24.117949499999998,original
2024-07-17,25.13116,original
2024-07-18,26.199824233333334,original
2024-07-19,27.1558112,original
2024-07-20,32.281152,original
2024-07-21,34.546496,original
2024-07-22,39.02409,original
2024-07-23,43.041536,original
2024-07-24,39.926688,original
2024-07-25,45.30688,original
2024-07-26,49.35677233333333,original
2024-07-27,65.51504633333333,original
2024-07-28,68.243488,original
2024-07-29,52.669247999999996,original
2024-07-30,43.041536,original
2024-07-31,35.962336,original
2024-08-01,32.222158666666665,original
2024-08-02,28.8017252,original
2024-08-03,26.476208,original
2024-08-04,26.3009978,original
2024-08-05,24.9754176,original
2024-08-06,23.814428799999998,original
2024-08-07,23.078192,original
2024-08-08,22.4835392,original
2024-08-09,22.0021536,original
2024-08-10,21.6862443,original
2024-08-11,21.2659168,original
2024-08-12,21.042627033333336,original
2024-08-13,20.7960349,original
2024-08-14,20.865942,original
2024-08-15,21.869713566666665,original
2024-08-16,22.1862128,original
2024-08-17,22.628072866666667,original
2024-08-18,23.787586833333336,original
2024-08-19,22.6817568,original
2024-08-20,22.087104,original
2024-08-21,21.7119064,original
2024-08-22,20.8172725,original
2024-08-23,20.3314624,original
2024-08-24,20.1058129,original
2024-08-25,19.8164506,original
2024-08-26,19.7120324,original
2024-08-27,19.520894,original
2024-08-28,19.387569066666664,original
2024-08-29,19.406446933333335,original
2024-08-30,19.8385731,original
2024-08-31,20.986583366666665,original
2024-09-01,22.2003712,original
2024-09-02,21.4358176,original
2024-09-03,21.1243328,original
2024-09-04,20.7562144,original
2024-09-05,21.0393824,original
2024-09-06,22.951651299999998,original
2024-09-07,25.4222921,original
2024-09-08,23.3330432,original
2024-09-09,21.8915411,original
2024-09-10,21.3915726,original
2024-09-11,21.602768733333335,original
2024-09-12,99.391968,original
2024-09-13,101.94048,original
2024-09-14,68.70953533333333,original
2024-09-15,46.89380066666667,original
2024-09-16,41.702387333333334,original
2024-09-17,35.396,original
2024-09-18,33.130656,original
2024-09-19,29.166304,original
2024-09-20,27.2000562,original
2024-09-21,25.2302688,original
2024-09-22,24.4577511,original
2024-09-23,23.775679494736842,original
2024-09-24,23.078192,original
2024-09-25,22.5968064,original
2024-09-26,22.4552224,original
2024-09-27,21.8888864,original
2024-09-28,21.4924512,original
2024-09-29,21.3225504,original
2024-09-30,21.228456033333334,original
2024-10-01,21.0756633,original
2024-10-02,20.8517836,original
2024-10-03,20.6367529,original
2024-10-04,20.5075575,original
2024-10-05,21.0676992,original
2024-10-06,20.9827488,original
2024-10-07,20.5013632,original
2024-10-08,20.2181952,original
2024-10-09,19.9916608,original
2024-10-10,19.7925583,original
2024-10-11,19.623542399999998,original
2024-10-12,19.5217789,original
2024-10-13,19.4253248,original
2024-10-14,19.383144566666665,original
2024-10-15,19.3713459,original
2024-10-16,19.298194166666665,original
2024-10-17,19.0572064,original
2024-10-18,19.034199,original
2024-10-19,19.0067671,original
2024-10-20,19.0510121,original
2024-10-21,19.0032275,original
2024-10-22,18.9359751,original
2024-10-23,18.9173922,original
2024-10-24,18.88641138526316,original
2024-10-25,18.874917,original
2024-10-26,18.7457216,original
2024-10-27,18.7280236,original
2024-10-28,18.689087999999998,original
2024-10-29,18.6607712,original
2024-10-30,18.6324544,original
2024-10-31,18.830672,original
2024-11-01,41.23045308631579,original
2024-11-02,34.829664,original
2024-11-03,28.366203778723403,original
2024-11-04,22.7100736,original
2024-11-05,21.477997833333333,original
2024-11-06,20.037970566666665,original
2024-11-07,18.9439392,original
2024-11-08,18.569859368421053,original
2024-11-09,18.149004033333334,original
2024-11-10,18.496474766666665,original
2024-11-11,18.4908704,original
2024-11-12,18.423028066666664,original
2024-11-13,18.9156224,original
2024-11-14,19.809666366666665,original
2024-11-15,19.9217537,original
2024-11-16,18.905298566666666,original
2024-11-17,19.3545328,original
2024-11-18,19.6067293,original
2024-11-19,20.074251466666666,original
2024-11-20,27.637196799999998,original
2024-11-21,33.130656,original
2024-11-22,32.847488,original
2024-11-23,32.399138666666666,original
2024-11-24,24.210864,original
2024-11-25,21.9110089,original
2024-11-26,20.3208436,original
2024-11-27,19.2837408,original
2024-11-28,18.9111979,original
2024-11-29,18.4625536,original
2024-11-30,18.2926528,original
2024-12-01,18.1793856,original
2024-12-02,18.133665766666667,original
2024-12-03,17.9298438,original
2024-12-04,17.758173199999998,original
2024-12-05,18.552323880851063,original
2024-12-06,22.4516828,original
2024-12-07,22.6499004,original
2024-12-08,20.942338366666664,original
2024-12-09,22.5968064,original
2024-12-10,35.37784031304348,original
2024-12-11,73.55878733333334,original
2024-12-12,72.21373933333334,original
2024-12-13,42.192032,original
2024-12-14,34.829664,original
2024-12-15,30.84466433333333,original
2024-12-16,27.2407616,original
2024-12-17,26.020779466666664,original
2024-12-18,24.6072992,original
2024-12-19,23.971351066666664,original
2024-12-20,23.1065088,original
2024-12-21,22.754657497872337,original
2024-12-22,22.3224874,original
2024-12-23,21.9738368,original
2024-12-24,21.8349075,original
2024-12-25,22.3136384,original
2024-12-26,26.476208,original
2024-12-27,26.6744256,original
2024-12-28,25.9381888,original
2024-12-29,37.095008,original
2024-12-30,56.52446233333333,original
2024-12-31,76.172192,original
2025-01-01,72.517555,original
2025-01-02,66.03713733333333,original
2025-01-03,45.811273,original
2025-01-04,34.546496,original
2025-01-05,31.714816,original
2025-01-06,31.431648,original
2025-01-07,31.714816,original
2025-01-08,31.431648,original
2025-01-09,32.281152,original
2025-01-10,33.696992,original
2025-01-11,41.625696,original
2025-01-12,41.67494260869565,original
2025-01-13,45.873216,original
2025-01-14,46.439552,original
2025-01-15,44.42198,original
2025-01-16,35.112832,original
2025-01-17,32.281152,original
2025-01-18,30.582144,original
2025-01-19,29.449472,original
2025-01-20,28.3168,original
2025-01-21,27.6655136,original
2025-01-22,27.467296,original
2025-01-23,27.2124448,original
2025-01-24,27.0142272,original
2025-01-25,26.7310592,original
2025-01-26,26.2779904,original
2025-01-27,26.2779904,original
2025-01-28,28.599968,original
2025-01-29,32.847488,original
2025-01-30,37.944511999999996,original
2025-01-31,36.245504,original
2025-02-01,32.281152,original
2025-02-02,32.281152,original
2025-02-03,42.758368,original
2025-02-04,45.023711999999996,original
2025-02-05,35.112832,original
2025-02-06,30.865312,original
2025-02-07,28.883136,original
2025-02-08,27.5522464,original
2025-02-09,26.6461088,original
2025-02-10,26.051455999999998,original
2025-02-11,25.5134368,original
2025-02-12,25.683337599999998,original
2025-02-13,28.3168,original
2025-02-14,36.245504,original
2025-02-15,66.827648,original
2025-02-16,105.904832,original
2025-02-17,109.869184,original
2025-02-18,101.374144,original
2025-02-19,91.463264,original
2025-02-20,85.799904,original
2025-02-21,61.730624,original
2025-02-22,50.403904,original
2025-02-23,44.740544,original
2025-02-24,60.881119999999996,original
2025-02-25,71.924672,original
2025-02-26,65.411808,original
2025-02-27,65.411808,original
2025-02-28,54.368256,original
2025-03-01,43.607872,original
2025-03-02,38.510848,original
2025-03-03,35.396,original
2025-03-04,33.696992,original
2025-03-05,44.174208,original
2025-03-06,78.720704,original
2025-03-07,98.25929599999999,original
2025-03-08,91.746432,original
2025-03-09,74.190016,original
2025-03-10,55.784096,original
2025-03-11,50.403904,original
2025-03-12,49.5544,original
2025-03-13,43.041536,original
2025-03-14,37.661344,original
2025-03-15,35.112832,original
2025-03-16,50.403904,original
2025-03-17,111.001856,original
2025-03-18,120.3464,original
2025-03-19,94.578112,original
2025-03-20,62.863296,original
2025-03-21,46.156384,original
2025-03-22,39.926688,original
2025-03-23,36.245504,original
2025-03-24,39.077184,original
2025-03-25,62.863296,original
2025-03-26,71.924672,original
2025-03-27,67.67715199999999,original
2025-03-28,60.597952,original
2025-03-29,46.72272,original
2025-03-30,40.209856,original
2025-03-31,40.493024,original
2025-04-01,54.651424,original
2025-04-02,53.80192,original
2025-04-03,50.687072,original
2025-04-04,44.740544,original
2025-04-05,37.944511999999996,original
2025-04-06,45.30688,original
2025-04-07,118.364224,original
2025-04-08,230.215584,original
2025-04-09,300.15808,original
2025-04-10,297.3264,original
2025-04-11,159.423584,original
2025-04-12,75.88902399999999,original
2025-04-13,54.085088,original
2025-04-14,46.156384,original
2025-04-15,41.342528,original
2025-04-16,38.22768,original
2025-04-17,35.679168,original
2025-04-18,33.98016,original
2025-04-19,32.56432,original
2025-04-20,31.431648,original
2025-04-21,30.582144,original
2025-04-22,30.298976,original
2025-04-23,30.582144,original
2025-04-24,31.997984,original
2025-04-25,33.130656,original
2025-04-26,38.22768,original
2025-04-27,41.908864,original
2025-04-28,37.661344,original
2025-04-29,33.696992,original
2025-04-30,30.865312,original
2025-05-01,28.883136,original
2025-05-02,28.0053152,original
2025-05-03,28.288483199999998,original
2025-05-04,31.14848,original
2025-05-05,33.130656,original
2025-05-06,30.582144,original
2025-05-07,54.934592,original
2025-05-08,159.423584,original
2025-05-09,294.49472,original
2025-05-10,359.62336,original
2025-05-11,268.726432,original
2025-05-12,171.033472,original
2025-05-13,105.33849599999999,original
2025-05-14,72.491008,original
2025-05-15,56.350432,original
2025-05-16,48.13856,original
2025-05-17,42.758368,original
2025-05-18,39.077184,original
2025-05-19,36.245504,original
2025-05-20,34.546496,original
2025-05-21,32.847488,original
2025-05-22,31.714816,original
2025-05-23,30.865312,original
2025-05-24,30.582144,original
2025-05-25,29.449472,original
2025-05-26,28.883136,original
2025-05-27,32.56432,original
2025-05-28,38.510848,original
2025-05-29,42.4752,original
2025-05-30,48.988064,original
2025-05-31,43.89104,original
2025-06-01,40.209856,original
2025-06-02,35.112832,original
2025-06-03,31.431648,original
2025-06-04,29.449472,original
2025-06-05,28.0902656,original
2025-06-06,27.1274944,original
2025-06-07,26.3912576,original
2025-06-08,25.8532384,original
2025-06-09,25.7399712,original
2025-06-10,25.9948224,original
2025-06-11,32.847488,original
2025-06-12,31.997984,original
2025-06-13,29.449472,original
2025-06-14,32.281152,original
2025-06-15,37.661344,original
2025-06-16,36.81184,original
2025-06-17,39.64352,original
2025-06-18,34.263328,original
2025-06-19,34.546496,original
2025-06-20,32.847488,original
2025-06-21,33.98016,original
2025-06-22,30.865312,original
2025-06-23,32.847488,original
2025-06-24,39.360352,original
2025-06-25,31.14848,original
2025-06-26,28.3168,original
2025-06-27,27.6655136,original
2025-06-28,28.599968,original
2025-06-29,26.9575936,original
2025-06-30,25.8532384,original
2025-07-01,26.7876928,original
2025-07-02,25.6550208,original
2025-07-03,26.1647232,original
2025-07-04,24.8338336,original
2025-07-05,23.6728448,original
2025-07-06,23.0498752,original
2025-07-07,24.1542304,original
2025-07-08,23.6728448,original
2025-07-09,23.927696,original
2025-07-10,22.9649248,original
2025-07-11,23.1065088,original
2025-07-12,23.3047264,original
2025-07-13,22.9932416,original
2025-07-14,22.5968064,original
2025-07-15,22.228688,original
2025-07-16,23.2764096,original
2025-07-17,26.051455999999998,original
2025-07-18,24.2674976,original
2025-07-19,22.7667072,original
2025-07-20,21.860569599999998,original
2025-07-21,21.3508672,original
2025-07-22,21.1243328,original
2025-07-23,20.7845312,original
2025-07-24,20.8411648,original
2025-07-25,21.8322528,original
2025-07-26,22.1154208,original
2025-07-27,22.9932416,original
2025-07-28,22.65344,original
2025-07-29,21.9738368,original
2025-07-30,21.6340352,original
2025-07-31,22.3985888,original
2025-08-01,21.9172032,original
2025-08-02,22.3985888,original
2025-08-03,24.1542304,original
2025-08-04,23.927696,original
2025-08-05,21.94552,original
2025-08-06,23.2480928,original
2025-08-07,22.5401728,original
2025-08-08,22.087104,original
2025-08-09,20.9827488,original
2025-08-10,20.4164128,original
2025-08-11,20.274828799999998,original
2025-08-12,19.9916608,original
2025-08-13,20.3031456,original
2025-08-14,26.759376,original
2025-08-15,30.865312,original
2025-08-16,26.3912576,original
2025-08-17,23.502944,original
2025-08-18,22.228688,original
2025-08-19,21.5490848,original
2025-08-20,26.2779904,original
2025-08-21,23.0215584,original
2025-08-22,21.9172032,original
2025-08-23,29.449472,original
2025-08-24,35.112832,original
2025-08-25,25.5983872,original
2025-08-26,22.5684896,original
2025-08-27,21.2376,original
2025-08-28,20.557996799999998,original
2025-08-29,20.954432,original
2025-08-30,23.36136,original
2025-08-31,37.378175999999996,original
2025-09-01,42.192032,original
